采用hungary算法
cycle            1	       2	       3	       4	       5	       6	       7	       8	       9	      10	      11	      12		avg
recieved:       63	      57	      56	      62	      55	      52	      63	      66	      62	      58	      56	      56		58.8
requested:     240	     245	     258	     266	     247	     255	     272	     252	     249	     256	     255	     263		254.8
delay:    6.015873	6.105263	6.250000	6.225806	6.163636	6.134615	5.809524	6.106061	5.903226	5.758621	6.142857	6.160714		5.8
ratio:    0.262500	0.232653	0.217054	0.233083	0.222672	0.203922	0.231618	0.261905	0.248996	0.226563	0.219608	0.212928		0.231125
采用随机化仿真数据
cycle            1	       2	       3	       4	       5	       6	       7	       8	       9	      10	      11	      12		avg
flow:         1207	    1181	    1214	    1314	    1174	    1162	    1158	    1274	    1198	    1180	    1184	    1186		1202.7
delay:    0.648592	0.646233	0.659236	0.657634	0.641834	0.677751	0.668026	0.636018	0.665391	0.666746	0.638606	0.666535		0.656050
ratio:    0.902041	0.906615	0.930612	0.912351	0.895911	0.922481	0.868726	0.929961	0.903475	0.900000	0.952381	0.933071		0.913135
defratio: 0.069498	0.077220	0.061776	0.061776	0.069498	0.061776	0.100386	0.030888	0.069498	0.069498	0.046332	0.054054		0.064350
tran:          735	     777	     768	     776	     798	     805	     759	     787	     794	     816	     793	     797		783.8

采用hungary算法
cycle            1		avg
recieved:       56		56.0
requested:     262		262.0
delay:    6.142857		6.0
ratio:    0.213740		0.213740
采用随机化仿真数据
cycle            1		avg
flow:         1202		1202.0
delay:    0.649685		0.649685
ratio:    0.931034		0.931034
defratio: 0.046332		0.046332
tran:          806		806.0

采用hungary算法
cycle            1		avg
recieved:       62		62.0
requested:     265		265.0
delay:    6.209677		6.000000
ratio:    0.233962		0.233962
采用随机化仿真数据
cycle            1		avg
flow:         1175		1175.0
delay:    0.649678		0.649678
ratio:    0.912000		0.912000
defratio: 0.077220		0.077220
tran:          751		751.0

采用hungary算法
cycle            1		avg
recieved:       58		58.0
requested:     244		244.0
delay:    6.224138		6.224138
ratio:    0.237705		0.237705
采用随机化仿真数据
cycle            1		avg
flow:         1214		1214.0
delay:    0.638579		0.638579
ratio:    0.896552		0.896552
defratio: 0.077220		0.077220
tran:          778		778.0

