采用hungary算法
cycle                          1	       2	       3	       4	       5	       6	       7	       8	       9	      10	      11	      12		avg
items recieved:               38	      35	      45	      41	      29	      34	      36	      35	      41	      36	      44	      39		37.8
items requested:             522	     514	     502	     539	     541	     507	     534	     519	     528	     526	     492	     491		517.9
delay:                       232	     215	     260	     247	     182	     207	     218	     198	     250	     214	     205	     244		222.7
ratio:                  0.072797	0.068093	0.089641	0.076067	0.053604	0.067061	0.067416	0.067437	0.077652	0.068441	0.089431	0.079430		0.073089
采用随机化仿真数据
cycle            1	       2	       3	       4	       5	       6	       7	       8	       9	      10	      11	      12		avg
flow:          837	     896	     913	     923	     865	     829	     807	     888	     905	     817	     877	     918		872.9
delay:    0.777064	0.741953	0.758132	0.821914	0.770946	0.750745	0.752989	0.802697	0.829250	0.747245	0.800653	0.819331		0.781077
ratio:    0.800000	0.782288	0.855469	0.829457	0.776952	0.761719	0.740602	0.862745	0.788618	0.741697	0.832700	0.832700		0.800412
defratio: 0.185328	0.193050	0.123552	0.146718	0.200772	0.185328	0.247104	0.115830	0.185328	0.231660	0.177606	0.146718		0.178250
tran:          730	     750	     780	     805	     771	     697	     710	     818	     732	     718	     822	     829		763.5

采用hungary算法
cycle                          1		avg
items recieved:               34		34.0
items requested:             513		513.0
delay:                       209		209.0
ratio:                  0.066277		0.066277
采用随机化仿真数据
cycle            1		avg
flow:         1685		1685.0
delay:    0.399221		0.399221
ratio:    0.694545		0.694545
defratio: 0.285714		0.285714
tran:          606		606.0

采用hungary算法
cycle                          1	       2	       3	       4	       5	       6	       7	       8	       9	      10	      11	      12		avg
items recieved:               41	      41	      40	      39	      37	      32	      37	      38	      45	      41	      47	      40		39.8
items requested:             520	     503	     529	     522	     509	     534	     500	     526	     530	     544	     495	     514		518.8
delay:                       232	     229	     219	     247	     217	     192	     210	     221	     248	     229	     246	     246		228.0
ratio:                  0.078846	0.081511	0.075614	0.074713	0.072692	0.059925	0.074000	0.072243	0.084906	0.075368	0.094949	0.077821		0.076882
采用随机化仿真数据
cycle            1	       2	       3	       4	       5	       6	       7	       8	       9	      10	      11	      12		avg
flow:          794	     875	     983	    1000	     913	     848	     797	     903	     956	     994	     989	     904		913.0
delay:    0.656346	0.680342	0.708787	0.664185	0.668313	0.658564	0.683549	0.661871	0.675926	0.659231	0.702594	0.649580		0.672441
ratio:    0.617530	0.709343	0.773946	0.725490	0.751938	0.636029	0.630522	0.675573	0.764228	0.779070	0.740458	0.679688		0.706984
defratio: 0.378378	0.277992	0.231660	0.254826	0.247104	0.332046	0.316602	0.254826	0.239382	0.216216	0.239382	0.277992		0.272201
tran:          520	     703	     711	     631	     661	     582	     544	     603	     644	     686	     680	     589		629.5

采用hungary算法
cycle            1		avg
recieved:       76		76.0
requested:     503		503.0
delay:         466		466.0
ratio:    0.151093		0.151093
采用随机化仿真数据
cycle            1		avg
flow:         1788		1788.0
delay:    0.628313		0.628313
ratio:    1.000000		1.000000
defratio: 0.000000		0.000000
tran:          868		868.0

