 109.50177  18.256440
 109.50177  18.256445
 109.50177  18.256445
 109.50177  18.256445
 109.50177  18.256445
 109.50177  18.256445
 109.50177  18.256445
 109.50177  18.256445
 109.50177  18.256445
 109.50177  18.256445
 109.50177  18.256445
 109.50177  18.256445
 109.50177  18.256445
 109.50177  18.256445
 109.50177  18.256445
 109.50177  18.256445
 109.50177  18.256445
 109.50177  18.256445
 109.50177  18.256445
 109.50177  18.256445
 109.50177  18.256445
 109.50177  18.256445
 109.50177  18.256445
 109.50177  18.256445
 109.50177  18.256445
 109.50177  18.256445
 109.50177  18.256445
 109.50177  18.256445
 109.50177  18.256445
 109.50177  18.256445
 109.50177  18.256445
 109.50177  18.256445
 109.50177  18.256445
 109.50177  18.256445
 109.50177  18.256445
 109.50177  18.256445
 109.50177  18.256445
 109.50177  18.256445
 109.50177  18.256445
 109.50177  18.256445
 109.50177  18.256445
 109.50177  18.256445
 109.50177  18.256445
 109.50177  18.256445
 109.50177  18.256445
 109.50177  18.256445
 109.50177  18.256445
 109.50177  18.256445
 109.50177  18.256445
 109.50177  18.256445
 109.50177  18.256445
 109.50177  18.256445
 109.50177  18.256445
 109.50177  18.256445
 109.50177  18.256445
 109.50177  18.256445
 109.50177  18.256445
 109.50177  18.256445
 109.50177  18.256445
 109.50177  18.256445
 109.50177  18.256445
 109.50177  18.256445
 109.50177  18.256445
 109.50177  18.256445
 109.50177  18.256445
 109.50177  18.256445
 109.50177  18.256445
 109.50177  18.256445
 109.50177  18.256445
 109.50177  18.256445
 109.50177  18.256445
 109.50177  18.256445
 109.50177  18.256445
 109.50177  18.256445
 109.50177  18.256445
 109.50177  18.256445
 109.50177  18.256445
 109.50177  18.256445
 109.50177  18.256445
 109.50177  18.256445
 109.50177  18.256445
 109.50177  18.256445
 109.50177  18.256445
 109.50177  18.256445
 109.50177  18.256445
 109.50177  18.256445
 109.50177  18.256445
 109.50177  18.256445
 109.50177  18.256445
 109.50177  18.256445
 109.50177  18.256445
 109.50177  18.256445
 109.50177  18.256445
 109.50177  18.256445
 109.50177  18.256445
 109.50177  18.256445
 109.50177  18.256445
 109.50177  18.256445
 109.50177  18.256445
 109.50177  18.256445
 109.50177  18.256445
 109.50177  18.256445
 109.50177  18.256445
 109.50177  18.256445
 109.50177  18.256445
 109.50177  18.256445
 109.50177  18.256445
 109.50177  18.256445
 109.50177  18.256445
 109.50177  18.256445
 109.50177  18.256445
 109.50177  18.256445
 109.50177  18.256445
 109.50177  18.256445
 109.50177  18.256445
 109.50177  18.256445
 109.50177  18.256445
 109.50177  18.256445
 109.50177  18.256445
 109.50177  18.256445
