 109.49945  18.257788
 109.49943  18.257848
 109.49941  18.257908
 109.49939  18.257968
 109.49937  18.258028
 109.49935  18.258088
 109.49933  18.258148
 109.49931  18.258208
 109.49929  18.258268
 109.49927  18.258328
 109.49925  18.258388
 109.49923  18.258448
 109.49921  18.258508
 109.49919  18.258568
 109.49917  18.258628
 109.49915  18.258688
 109.49913  18.258748
 109.49911  18.258808
 109.49909  18.258868
 109.49907  18.258928
 109.49905  18.258988
 109.49903  18.259048
 109.49901  18.259108
 109.49899  18.259168
 109.49897  18.259228
 109.49895  18.259288
 109.49893  18.259348
 109.49891  18.259408
 109.49889  18.259468
 109.49887  18.259528
 109.49885  18.259588
 109.49883  18.259648
 109.49881  18.259708
 109.49879  18.259768
 109.49877  18.259828
 109.49875  18.259888
 109.49873  18.259948
 109.49871  18.260008
 109.49869  18.260068
 109.49867  18.260128
 109.49865  18.260188
 109.49863  18.260248
 109.49861  18.260308
 109.49859  18.260368
 109.49857  18.260428
 109.49855  18.260488
 109.49853  18.260548
 109.49851  18.260608
 109.49849  18.260668
 109.49847  18.260728
 109.49845  18.260788
 109.49843  18.260848
 109.49841  18.260908
 109.49839  18.260968
 109.49837  18.261028
 109.49835  18.261088
 109.49833  18.261148
 109.49831  18.261208
 109.49829  18.261268
 109.49827  18.261328
 109.49825  18.261388
 109.49823  18.261448
 109.49821  18.261508
 109.49819  18.261568
 109.49817  18.261628
 109.49815  18.261688
 109.49813  18.261748
 109.49811  18.261808
 109.49809  18.261868
 109.49807  18.261928
 109.49805  18.261988
 109.49803  18.262048
 109.49801  18.262108
 109.49799  18.262168
 109.49797  18.262228
 109.49795  18.262288
 109.49793  18.262348
 109.49791  18.262408
 109.49789  18.262468
 109.49787  18.262528
 109.49785  18.262588
 109.49783  18.262648
 109.49781  18.262708
 109.49779  18.262768
 109.49777  18.262828
 109.49775  18.262888
 109.49773  18.262948
 109.49771  18.263008
 109.49769  18.263068
 109.49767  18.263128
 109.49765  18.263188
 109.49763  18.263248
 109.49761  18.263308
 109.49759  18.263368
 109.49757  18.263428
 109.49755  18.263488
 109.49753  18.263548
 109.49751  18.263608
 109.49749  18.263668
 109.49747  18.263728
 109.49745  18.263788
 109.49743  18.263848
 109.49741  18.263908
 109.49739  18.263968
 109.49737  18.264028
 109.49735  18.264088
 109.49733  18.264148
 109.49731  18.264208
 109.49729  18.264268
 109.49727  18.264328
 109.49725  18.264388
 109.49723  18.264448
 109.49721  18.264508
 109.49719  18.264568
 109.49717  18.264628
 109.49715  18.264688
 109.49713  18.264748
 109.49711  18.264808
 109.49709  18.264868
 109.49707  18.264928
