 109.49917  18.258766
 109.49917  18.258820
 109.49917  18.258874
 109.49917  18.258928
 109.49917  18.258982
 109.49917  18.259036
 109.49917  18.259090
 109.49917  18.259144
 109.49917  18.259198
 109.49917  18.259252
 109.49917  18.259306
 109.49917  18.259360
 109.49917  18.259414
 109.49917  18.259468
 109.49917  18.259522
 109.49917  18.259576
 109.49917  18.259630
 109.49917  18.259684
 109.49917  18.259738
 109.49917  18.259792
 109.49917  18.259846
 109.49917  18.259900
 109.49917  18.259954
 109.49917  18.260008
 109.49917  18.260062
 109.49917  18.260116
 109.49917  18.260170
 109.49917  18.260224
 109.49917  18.260278
 109.49917  18.260332
 109.49917  18.260386
 109.49917  18.260440
 109.49917  18.260494
 109.49917  18.260548
 109.49917  18.260602
 109.49917  18.260656
 109.49917  18.260710
 109.49917  18.260764
 109.49917  18.260818
 109.49917  18.260872
 109.49917  18.260926
 109.49917  18.260980
 109.49917  18.261034
 109.49917  18.261088
 109.49917  18.261142
 109.49917  18.261196
 109.49917  18.261250
 109.49917  18.261304
 109.49917  18.261358
 109.49917  18.261412
 109.49917  18.261466
 109.49917  18.261520
 109.49917  18.261574
 109.49917  18.261628
 109.49917  18.261682
 109.49917  18.261736
 109.49917  18.261790
 109.49917  18.261844
 109.49917  18.261898
 109.49917  18.261952
 109.49917  18.262006
 109.49917  18.262060
 109.49917  18.262114
 109.49917  18.262168
 109.49917  18.262222
 109.49917  18.262276
 109.49917  18.262330
 109.49917  18.262384
 109.49917  18.262438
 109.49917  18.262492
 109.49917  18.262546
 109.49917  18.262600
 109.49917  18.262654
 109.49917  18.262708
 109.49917  18.262762
 109.49917  18.262816
 109.49917  18.262870
 109.49917  18.262924
 109.49917  18.262978
 109.49917  18.263032
 109.49917  18.263086
 109.49917  18.263140
 109.49917  18.263194
 109.49917  18.263248
 109.49917  18.263302
 109.49917  18.263356
 109.49917  18.263410
 109.49917  18.263464
 109.49917  18.263518
 109.49917  18.263572
 109.49917  18.263626
 109.49917  18.263680
 109.49917  18.263734
 109.49917  18.263788
 109.49917  18.263842
 109.49917  18.263896
 109.49917  18.263950
 109.49917  18.264004
 109.49917  18.264058
 109.49917  18.264112
 109.49917  18.264166
 109.49917  18.264220
 109.49917  18.264274
 109.49917  18.264328
 109.49917  18.264382
 109.49917  18.264436
 109.49917  18.264490
 109.49917  18.264544
 109.49917  18.264598
 109.49917  18.264652
 109.49917  18.264706
 109.49917  18.264760
 109.49917  18.264814
 109.49917  18.264868
 109.49917  18.264922
 109.49917  18.264976
 109.49917  18.265030
 109.49917  18.265084
 109.49917  18.265138
 109.49917  18.265192
