 109.49751  18.247854
 109.49753  18.247534
 109.49755  18.247214
 109.49756  18.246894
 109.49759  18.246574
 109.49760  18.246254
 109.49763  18.245934
 109.49765  18.245614
 109.49767  18.245294
 109.49769  18.244974
 109.49771  18.244654
 109.49773  18.244334
 109.49774  18.244014
 109.49777  18.243694
 109.49778  18.243374
 109.49781  18.243054
 109.49783  18.242734
 109.49785  18.242414
 109.49787  18.242094
 109.49789  18.241774
 109.49791  18.241454
 109.49793  18.241134
 109.49795  18.240814
 109.49796  18.240494
 109.49799  18.240174
 109.49801  18.239854
 109.49803  18.239534
 109.49805  18.239214
 109.49807  18.238894
 109.49809  18.238574
 109.49811  18.238254
 109.49813  18.237934
 109.49814  18.237614
 109.49817  18.237294
 109.49819  18.236974
 109.49821  18.236654
 109.49823  18.236334
 109.49825  18.236014
 109.49827  18.235694
 109.49829  18.235374
 109.49831  18.235054
 109.49832  18.234734
 109.49835  18.234414
 109.49837  18.234094
 109.49839  18.233774
 109.49841  18.233454
 109.49843  18.233134
 109.49845  18.232814
 109.49847  18.232494
 109.49849  18.232174
 109.49850  18.231854
 109.49853  18.231534
 109.49854  18.231214
 109.49857  18.230894
 109.49859  18.230574
 109.49861  18.230254
 109.49863  18.229934
 109.49865  18.229614
 109.49867  18.229294
 109.49868  18.228974
 109.49871  18.228654
 109.49872  18.228334
 109.49875  18.228014
 109.49877  18.227694
 109.49879  18.227374
 109.49880  18.227054
 109.49882  18.226734
 109.49884  18.226414
 109.49886  18.226094
 109.49888  18.225774
 109.49890  18.225454
 109.49892  18.225134
 109.49894  18.224814
 109.49896  18.224494
 109.49898  18.224174
 109.49900  18.223854
 109.49902  18.223534
 109.49904  18.223214
 109.49906  18.222894
 109.49908  18.222574
 109.49910  18.222254
 109.49912  18.221934
 109.49914  18.221614
 109.49916  18.221294
 109.49918  18.220974
 109.49920  18.220654
 109.49922  18.220334
 109.49924  18.220014
 109.49926  18.219694
 109.49928  18.219374
 109.49930  18.219054
 109.49932  18.218734
 109.49934  18.218414
 109.49936  18.218094
 109.49938  18.217774
 109.49940  18.217454
 109.49942  18.217134
 109.49944  18.216814
 109.49946  18.216494
 109.49948  18.216174
 109.49950  18.215854
 109.49952  18.215534
 109.49954  18.215214
 109.49956  18.214894
 109.49958  18.214574
 109.49960  18.214254
 109.49962  18.213934
 109.49964  18.213614
 109.49966  18.213294
 109.49968  18.212974
 109.49970  18.212654
 109.49972  18.212334
 109.49974  18.212014
 109.49976  18.211694
 109.49978  18.211374
 109.49980  18.211054
 109.49982  18.210734
 109.49984  18.210414
 109.49986  18.210094
 109.49988  18.209774
