 109.49696  18.249008
 109.49697  18.248971
 109.49698  18.248934
 109.49699  18.248897
 109.49700  18.248860
 109.49701  18.248823
 109.49702  18.248786
 109.49703  18.248749
 109.49704  18.248712
 109.49705  18.248675
 109.49706  18.248638
 109.49707  18.248601
 109.49708  18.248564
 109.49709  18.248527
 109.49710  18.248490
 109.49711  18.248453
 109.49712  18.248416
 109.49713  18.248379
 109.49714  18.248342
 109.49715  18.248305
 109.49716  18.248268
 109.49717  18.248231
 109.49718  18.248194
 109.49719  18.248157
 109.49720  18.248120
 109.49721  18.248083
 109.49722  18.248046
 109.49723  18.248009
 109.49724  18.247972
 109.49725  18.247935
 109.49726  18.247898
 109.49727  18.247861
 109.49728  18.247824
 109.49729  18.247787
 109.49730  18.247750
 109.49731  18.247713
 109.49732  18.247676
 109.49733  18.247639
 109.49734  18.247602
 109.49735  18.247565
 109.49736  18.247528
 109.49737  18.247491
 109.49738  18.247454
 109.49739  18.247417
 109.49740  18.247380
 109.49741  18.247343
 109.49742  18.247306
 109.49743  18.247269
 109.49744  18.247232
 109.49745  18.247195
 109.49746  18.247158
 109.49747  18.247121
 109.49748  18.247084
 109.49749  18.247047
 109.49750  18.247010
 109.49751  18.246973
 109.49752  18.246936
 109.49753  18.246899
 109.49754  18.246862
 109.49755  18.246825
 109.49756  18.246788
 109.49757  18.246751
 109.49758  18.246714
 109.49759  18.246677
 109.49760  18.246640
 109.49761  18.246603
 109.49762  18.246566
 109.49763  18.246529
 109.49764  18.246492
 109.49765  18.246455
 109.49766  18.246418
 109.49767  18.246381
 109.49768  18.246344
 109.49769  18.246307
 109.49770  18.246270
 109.49771  18.246233
 109.49772  18.246196
 109.49773  18.246159
 109.49774  18.246122
 109.49775  18.246085
 109.49776  18.246048
 109.49777  18.246011
 109.49778  18.245974
 109.49779  18.245937
 109.49780  18.245900
 109.49781  18.245863
 109.49782  18.245826
 109.49783  18.245789
 109.49784  18.245752
 109.49785  18.245715
 109.49786  18.245678
 109.49787  18.245641
 109.49788  18.245604
 109.49789  18.245567
 109.49790  18.245530
 109.49791  18.245493
 109.49792  18.245456
 109.49793  18.245419
 109.49794  18.245382
 109.49795  18.245345
 109.49796  18.245308
 109.49797  18.245271
 109.49798  18.245234
 109.49799  18.245197
 109.49800  18.245160
 109.49801  18.245123
 109.49802  18.245086
 109.49803  18.245049
 109.49804  18.245012
 109.49805  18.244975
 109.49806  18.244938
 109.49807  18.244901
 109.49808  18.244864
 109.49809  18.244827
 109.49810  18.244790
 109.49811  18.244753
 109.49812  18.244716
 109.49813  18.244679
 109.49814  18.244642
 109.49815  18.244605
