 109.50279  18.241587
 109.50277  18.241687
 109.50275  18.241787
 109.50274  18.241887
 109.50273  18.241987
 109.50271  18.242087
 109.50270  18.242187
 109.50268  18.242287
 109.50266  18.242387
 109.50265  18.242487
 109.50264  18.242587
 109.50262  18.242687
 109.50261  18.242787
 109.50259  18.242887
 109.50257  18.242987
 109.50256  18.243087
 109.50255  18.243187
 109.50253  18.243287
 109.50252  18.243387
 109.50250  18.243487
 109.50248  18.243587
 109.50247  18.243687
 109.50246  18.243787
 109.50244  18.243887
 109.50243  18.243987
 109.50241  18.244087
 109.50240  18.244187
 109.50238  18.244287
 109.50237  18.244387
 109.50235  18.244487
 109.50234  18.244587
 109.50232  18.244687
 109.50231  18.244787
 109.50229  18.244887
 109.50228  18.244987
 109.50226  18.245087
 109.50225  18.245187
 109.50223  18.245287
 109.50222  18.245387
 109.50220  18.245487
 109.50219  18.245587
 109.50217  18.245687
 109.50216  18.245787
 109.50214  18.245887
 109.50213  18.245987
 109.50211  18.246087
 109.50210  18.246187
 109.50208  18.246287
 109.50207  18.246387
 109.50205  18.246487
 109.50204  18.246587
 109.50202  18.246687
 109.50201  18.246787
 109.50199  18.246887
 109.50198  18.246987
 109.50196  18.247087
 109.50195  18.247187
 109.50193  18.247287
 109.50192  18.247387
 109.50190  18.247487
 109.50189  18.247587
 109.50187  18.247687
 109.50186  18.247787
 109.50184  18.247887
 109.50183  18.247987
 109.50181  18.248087
 109.50180  18.248187
 109.50178  18.248287
 109.50177  18.248387
 109.50175  18.248487
 109.50174  18.248587
 109.50172  18.248687
 109.50171  18.248787
 109.50169  18.248887
 109.50168  18.248987
 109.50166  18.249087
 109.50165  18.249187
 109.50163  18.249287
 109.50162  18.249387
 109.50160  18.249487
 109.50159  18.249587
 109.50157  18.249687
 109.50156  18.249787
 109.50154  18.249887
 109.50153  18.249987
 109.50151  18.250087
 109.50150  18.250187
 109.50148  18.250287
 109.50147  18.250387
 109.50145  18.250487
 109.50144  18.250587
 109.50142  18.250687
 109.50141  18.250787
 109.50139  18.250887
 109.50138  18.250987
 109.50136  18.251087
 109.50135  18.251187
 109.50133  18.251287
 109.50132  18.251387
 109.50130  18.251487
 109.50129  18.251587
 109.50127  18.251687
 109.50126  18.251787
 109.50124  18.251887
 109.50123  18.251987
 109.50121  18.252087
 109.50119  18.252187
 109.50118  18.252287
 109.50116  18.252387
 109.50115  18.252487
 109.50113  18.252587
 109.50112  18.252687
 109.50110  18.252787
 109.50109  18.252887
 109.50107  18.252987
 109.50106  18.253087
 109.50104  18.253187
 109.50103  18.253287
 109.50101  18.253387
 109.50100  18.253487
