 109.50229  18.243732
 109.50228  18.243802
 109.50227  18.243872
 109.50226  18.243942
 109.50225  18.244012
 109.50224  18.244082
 109.50223  18.244152
 109.50222  18.244222
 109.50221  18.244292
 109.50220  18.244362
 109.50219  18.244432
 109.50218  18.244502
 109.50217  18.244572
 109.50216  18.244642
 109.50215  18.244712
 109.50214  18.244782
 109.50213  18.244852
 109.50212  18.244922
 109.50211  18.244992
 109.50210  18.245062
 109.50209  18.245132
 109.50208  18.245202
 109.50207  18.245272
 109.50206  18.245342
 109.50205  18.245412
 109.50204  18.245482
 109.50203  18.245552
 109.50202  18.245622
 109.50201  18.245692
 109.50200  18.245762
 109.50199  18.245832
 109.50198  18.245902
 109.50197  18.245972
 109.50196  18.246042
 109.50195  18.246112
 109.50194  18.246182
 109.50193  18.246252
 109.50192  18.246322
 109.50191  18.246392
 109.50190  18.246462
 109.50189  18.246532
 109.50188  18.246602
 109.50187  18.246672
 109.50186  18.246742
 109.50185  18.246812
 109.50184  18.246882
 109.50183  18.246952
 109.50182  18.247022
 109.50181  18.247092
 109.50180  18.247162
 109.50179  18.247232
 109.50178  18.247302
 109.50177  18.247372
 109.50176  18.247442
 109.50175  18.247512
 109.50174  18.247582
 109.50173  18.247652
 109.50172  18.247722
 109.50171  18.247792
 109.50170  18.247862
 109.50169  18.247932
 109.50168  18.248002
 109.50167  18.248072
 109.50166  18.248142
 109.50165  18.248212
 109.50164  18.248282
 109.50163  18.248352
 109.50162  18.248422
 109.50161  18.248492
 109.50160  18.248562
 109.50159  18.248632
 109.50158  18.248702
 109.50157  18.248772
 109.50156  18.248842
 109.50155  18.248912
 109.50154  18.248982
 109.50153  18.249052
 109.50152  18.249122
 109.50151  18.249192
 109.50150  18.249262
 109.50149  18.249332
 109.50148  18.249402
 109.50147  18.249472
 109.50146  18.249542
 109.50145  18.249612
 109.50144  18.249682
 109.50143  18.249752
 109.50142  18.249822
 109.50141  18.249892
 109.50140  18.249962
 109.50139  18.250032
 109.50138  18.250102
 109.50137  18.250172
 109.50136  18.250242
 109.50135  18.250312
 109.50134  18.250382
 109.50133  18.250452
 109.50132  18.250522
 109.50131  18.250592
 109.50130  18.250662
 109.50129  18.250732
 109.50128  18.250802
 109.50127  18.250872
 109.50126  18.250942
 109.50125  18.251012
 109.50124  18.251082
 109.50123  18.251152
 109.50122  18.251222
 109.50121  18.251292
 109.50120  18.251362
 109.50119  18.251432
 109.50118  18.251502
 109.50117  18.251572
 109.50116  18.251642
 109.50115  18.251712
 109.50114  18.251782
 109.50113  18.251852
 109.50112  18.251922
 109.50111  18.251992
 109.50110  18.252062
