 109.49818  18.261995
 109.49819  18.262053
 109.49820  18.262111
 109.49820  18.262169
 109.49821  18.262227
 109.49821  18.262285
 109.49822  18.262343
 109.49823  18.262401
 109.49823  18.262459
 109.49824  18.262517
 109.49824  18.262575
 109.49825  18.262633
 109.49826  18.262691
 109.49826  18.262749
 109.49827  18.262807
 109.49827  18.262865
 109.49828  18.262923
 109.49829  18.262981
 109.49829  18.263039
 109.49830  18.263097
 109.49830  18.263155
 109.49831  18.263213
 109.49832  18.263271
 109.49832  18.263329
 109.49833  18.263387
 109.49833  18.263445
 109.49834  18.263503
 109.49835  18.263561
 109.49835  18.263619
 109.49836  18.263677
 109.49836  18.263735
 109.49837  18.263793
 109.49838  18.263851
 109.49838  18.263909
 109.49839  18.263967
 109.49839  18.264025
 109.49840  18.264083
 109.49841  18.264141
 109.49841  18.264199
 109.49842  18.264257
 109.49842  18.264315
 109.49843  18.264373
 109.49844  18.264431
 109.49844  18.264489
 109.49845  18.264547
 109.49845  18.264605
 109.49846  18.264663
 109.49847  18.264721
 109.49847  18.264779
 109.49848  18.264837
 109.49848  18.264895
 109.49849  18.264953
 109.49850  18.265011
 109.49850  18.265069
 109.49851  18.265127
 109.49851  18.265185
 109.49852  18.265243
 109.49853  18.265301
 109.49853  18.265359
 109.49854  18.265417
 109.49854  18.265475
 109.49855  18.265533
 109.49856  18.265591
 109.49856  18.265649
 109.49857  18.265707
 109.49857  18.265765
 109.49858  18.265823
 109.49859  18.265881
 109.49859  18.265939
 109.49860  18.265997
 109.49860  18.266055
 109.49861  18.266113
 109.49862  18.266171
 109.49862  18.266229
 109.49863  18.266287
 109.49863  18.266345
 109.49864  18.266403
 109.49865  18.266461
 109.49865  18.266519
 109.49866  18.266577
 109.49866  18.266635
 109.49867  18.266693
 109.49868  18.266751
 109.49868  18.266809
 109.49869  18.266867
 109.49869  18.266925
 109.49870  18.266983
 109.49871  18.267041
 109.49871  18.267099
 109.49872  18.267157
 109.49872  18.267215
 109.49873  18.267273
 109.49874  18.267331
 109.49874  18.267389
 109.49875  18.267447
 109.49875  18.267505
 109.49876  18.267563
 109.49877  18.267621
 109.49877  18.267679
 109.49878  18.267737
 109.49878  18.267795
 109.49879  18.267853
 109.49880  18.267911
 109.49880  18.267969
 109.49881  18.268027
 109.49881  18.268085
 109.49882  18.268143
 109.49883  18.268201
 109.49883  18.268259
 109.49884  18.268317
 109.49884  18.268375
 109.49885  18.268433
 109.49886  18.268491
 109.49886  18.268549
 109.49887  18.268607
 109.49887  18.268665
 109.49888  18.268723
 109.49889  18.268781
 109.49889  18.268839
 109.49890  18.268897
