 109.49586  18.259054
 109.49588  18.259055
 109.49589  18.259056
 109.49590  18.259057
 109.49590  18.259058
 109.49592  18.259059
 109.49593  18.259060
 109.49594  18.259061
 109.49595  18.259062
 109.49596  18.259063
 109.49597  18.259064
 109.49598  18.259065
 109.49599  18.259066
 109.49599  18.259067
 109.49601  18.259068
 109.49602  18.259069
 109.49603  18.259070
 109.49604  18.259071
 109.49605  18.259072
 109.49606  18.259073
 109.49607  18.259074
 109.49608  18.259075
 109.49608  18.259076
 109.49610  18.259077
 109.49611  18.259078
 109.49612  18.259079
 109.49613  18.259080
 109.49614  18.259081
 109.49615  18.259082
 109.49616  18.259083
 109.49617  18.259084
 109.49617  18.259085
 109.49619  18.259086
 109.49620  18.259087
 109.49621  18.259088
 109.49622  18.259089
 109.49623  18.259090
 109.49624  18.259091
 109.49625  18.259092
 109.49626  18.259093
 109.49626  18.259094
 109.49628  18.259095
 109.49629  18.259096
 109.49630  18.259097
 109.49631  18.259098
 109.49632  18.259099
 109.49633  18.259100
 109.49634  18.259101
 109.49635  18.259102
 109.49635  18.259103
 109.49637  18.259104
 109.49638  18.259105
 109.49639  18.259106
 109.49640  18.259107
 109.49641  18.259108
 109.49642  18.259109
 109.49643  18.259110
 109.49644  18.259111
 109.49644  18.259112
 109.49646  18.259113
 109.49647  18.259114
 109.49648  18.259115
 109.49649  18.259116
 109.49650  18.259117
 109.49651  18.259118
 109.49652  18.259119
 109.49653  18.259120
 109.49653  18.259121
 109.49655  18.259122
 109.49656  18.259123
 109.49657  18.259124
 109.49658  18.259125
 109.49659  18.259126
 109.49660  18.259127
 109.49661  18.259128
 109.49662  18.259129
 109.49662  18.259130
 109.49664  18.259131
 109.49665  18.259132
 109.49666  18.259133
 109.49666  18.259134
 109.49668  18.259135
 109.49669  18.259136
 109.49670  18.259137
 109.49671  18.259138
 109.49671  18.259139
 109.49673  18.259140
 109.49674  18.259141
 109.49675  18.259142
 109.49675  18.259143
 109.49677  18.259144
 109.49678  18.259145
 109.49679  18.259146
 109.49680  18.259147
 109.49680  18.259148
 109.49682  18.259149
 109.49683  18.259150
 109.49684  18.259151
 109.49684  18.259152
 109.49686  18.259153
 109.49687  18.259154
 109.49688  18.259155
 109.49689  18.259156
 109.49689  18.259157
 109.49691  18.259158
 109.49692  18.259159
 109.49693  18.259160
 109.49693  18.259161
 109.49695  18.259162
 109.49696  18.259163
 109.49697  18.259164
 109.49698  18.259165
 109.49699  18.259166
 109.49700  18.259167
 109.49701  18.259168
 109.49702  18.259169
 109.49702  18.259170
 109.49704  18.259171
 109.49705  18.259172
 109.49706  18.259173
