 109.50040  18.253284
 109.50040  18.253295
 109.50040  18.253306
 109.50039  18.253317
 109.50039  18.253328
 109.50039  18.253339
 109.50039  18.253350
 109.50039  18.253361
 109.50038  18.253372
 109.50038  18.253383
 109.50038  18.253394
 109.50038  18.253405
 109.50038  18.253416
 109.50037  18.253427
 109.50037  18.253438
 109.50037  18.253449
 109.50037  18.253460
 109.50037  18.253471
 109.50036  18.253482
 109.50036  18.253493
 109.50036  18.253504
 109.50036  18.253515
 109.50036  18.253526
 109.50035  18.253537
 109.50035  18.253548
 109.50035  18.253559
 109.50035  18.253570
 109.50035  18.253581
 109.50034  18.253592
 109.50034  18.253603
 109.50034  18.253614
 109.50034  18.253625
 109.50034  18.253636
 109.50033  18.253647
 109.50033  18.253658
 109.50033  18.253669
 109.50033  18.253680
 109.50033  18.253691
 109.50032  18.253702
 109.50032  18.253713
 109.50032  18.253724
 109.50032  18.253735
 109.50032  18.253746
 109.50031  18.253757
 109.50031  18.253768
 109.50031  18.253779
 109.50031  18.253790
 109.50031  18.253801
 109.50030  18.253812
 109.50030  18.253823
 109.50030  18.253834
 109.50030  18.253845
 109.50030  18.253856
 109.50029  18.253867
 109.50029  18.253878
 109.50029  18.253889
 109.50029  18.253900
 109.50029  18.253911
 109.50028  18.253922
 109.50028  18.253933
 109.50028  18.253944
 109.50028  18.253955
 109.50028  18.253966
 109.50027  18.253977
 109.50027  18.253988
 109.50027  18.253999
 109.50027  18.254010
 109.50027  18.254021
 109.50026  18.254032
 109.50026  18.254043
 109.50026  18.254054
 109.50026  18.254065
 109.50026  18.254076
 109.50025  18.254087
 109.50025  18.254098
 109.50025  18.254109
 109.50025  18.254120
 109.50025  18.254131
 109.50024  18.254142
 109.50024  18.254153
 109.50024  18.254164
 109.50024  18.254175
 109.50024  18.254186
 109.50023  18.254197
 109.50023  18.254208
 109.50023  18.254219
 109.50023  18.254230
 109.50023  18.254241
 109.50022  18.254252
 109.50022  18.254263
 109.50022  18.254274
 109.50022  18.254285
 109.50022  18.254296
 109.50021  18.254307
 109.50021  18.254318
 109.50021  18.254329
 109.50021  18.254340
 109.50021  18.254351
 109.50020  18.254362
 109.50020  18.254373
 109.50020  18.254384
 109.50020  18.254395
 109.50020  18.254406
 109.50019  18.254417
 109.50019  18.254428
 109.50019  18.254439
 109.50019  18.254450
 109.50019  18.254461
 109.50018  18.254472
 109.50018  18.254483
 109.50018  18.254494
 109.50018  18.254505
 109.50018  18.254516
 109.50017  18.254527
 109.50017  18.254538
 109.50017  18.254549
 109.50017  18.254560
 109.50017  18.254571
 109.50016  18.254582
 109.50016  18.254593
