 109.50044  18.253353
 109.50044  18.253360
 109.50044  18.253367
 109.50043  18.253374
 109.50043  18.253381
 109.50043  18.253388
 109.50043  18.253395
 109.50042  18.253402
 109.50042  18.253409
 109.50042  18.253416
 109.50042  18.253423
 109.50041  18.253430
 109.50041  18.253437
 109.50041  18.253444
 109.50041  18.253451
 109.50040  18.253458
 109.50040  18.253465
 109.50040  18.253472
 109.50040  18.253479
 109.50039  18.253486
 109.50039  18.253493
 109.50039  18.253500
 109.50038  18.253507
 109.50038  18.253514
 109.50038  18.253521
 109.50038  18.253528
 109.50038  18.253535
 109.50037  18.253542
 109.50037  18.253549
 109.50037  18.253556
 109.50037  18.253563
 109.50036  18.253570
 109.50036  18.253577
 109.50036  18.253584
 109.50036  18.253591
 109.50035  18.253598
 109.50035  18.253605
 109.50035  18.253612
 109.50035  18.253619
 109.50034  18.253626
 109.50034  18.253633
 109.50034  18.253640
 109.50034  18.253647
 109.50033  18.253654
 109.50033  18.253661
 109.50033  18.253668
 109.50033  18.253675
 109.50032  18.253682
 109.50032  18.253689
 109.50032  18.253696
 109.50032  18.253703
 109.50031  18.253710
 109.50031  18.253717
 109.50031  18.253724
 109.50031  18.253731
 109.50030  18.253738
 109.50030  18.253745
 109.50030  18.253752
 109.50029  18.253759
 109.50029  18.253766
 109.50029  18.253773
 109.50029  18.253780
 109.50029  18.253787
 109.50028  18.253794
 109.50028  18.253801
 109.50028  18.253808
 109.50028  18.253815
 109.50027  18.253822
 109.50027  18.253829
 109.50027  18.253836
 109.50027  18.253843
 109.50026  18.253850
 109.50026  18.253857
 109.50026  18.253864
 109.50026  18.253871
 109.50025  18.253878
 109.50025  18.253885
 109.50025  18.253892
 109.50025  18.253899
 109.50024  18.253906
 109.50024  18.253913
 109.50024  18.253920
 109.50024  18.253927
 109.50023  18.253934
 109.50023  18.253941
 109.50023  18.253948
 109.50023  18.253955
 109.50022  18.253962
 109.50022  18.253969
 109.50022  18.253976
 109.50022  18.253983
 109.50021  18.253990
 109.50021  18.253997
 109.50021  18.254004
 109.50021  18.254011
 109.50020  18.254018
 109.50020  18.254025
 109.50020  18.254032
 109.50020  18.254039
 109.50019  18.254046
 109.50019  18.254053
 109.50019  18.254060
 109.50019  18.254067
 109.50018  18.254074
 109.50018  18.254081
 109.50018  18.254088
 109.50018  18.254095
 109.50017  18.254102
 109.50017  18.254109
 109.50017  18.254116
 109.50017  18.254123
 109.50016  18.254130
 109.50016  18.254137
 109.50016  18.254144
 109.50016  18.254151
 109.50015  18.254158
 109.50015  18.254165
 109.50015  18.254172
 109.50015  18.254179
 109.50014  18.254186
