 109.50452  18.247692
 109.50451  18.247637
 109.50450  18.247582
 109.50449  18.247527
 109.50448  18.247472
 109.50447  18.247417
 109.50446  18.247362
 109.50445  18.247307
 109.50444  18.247252
 109.50443  18.247197
 109.50442  18.247142
 109.50441  18.247087
 109.50440  18.247032
 109.50439  18.246977
 109.50438  18.246922
 109.50437  18.246867
 109.50436  18.246812
 109.50435  18.246757
 109.50434  18.246702
 109.50433  18.246647
 109.50432  18.246592
 109.50431  18.246537
 109.50430  18.246482
 109.50429  18.246427
 109.50428  18.246372
 109.50427  18.246317
 109.50426  18.246262
 109.50425  18.246207
 109.50424  18.246152
 109.50423  18.246097
 109.50422  18.246042
 109.50421  18.245987
 109.50420  18.245932
 109.50419  18.245877
 109.50418  18.245822
 109.50417  18.245767
 109.50416  18.245712
 109.50415  18.245657
 109.50414  18.245602
 109.50413  18.245547
 109.50412  18.245492
 109.50411  18.245437
 109.50410  18.245382
 109.50409  18.245327
 109.50408  18.245272
 109.50407  18.245217
 109.50406  18.245162
 109.50405  18.245107
 109.50404  18.245052
 109.50403  18.244997
 109.50402  18.244942
 109.50401  18.244887
 109.50400  18.244832
 109.50399  18.244777
 109.50398  18.244722
 109.50397  18.244667
 109.50396  18.244612
 109.50395  18.244557
 109.50394  18.244502
 109.50393  18.244447
 109.50392  18.244392
 109.50391  18.244337
 109.50390  18.244282
 109.50389  18.244227
 109.50388  18.244172
 109.50387  18.244117
 109.50386  18.244062
 109.50385  18.244007
 109.50384  18.243952
 109.50383  18.243897
 109.50382  18.243842
 109.50381  18.243787
 109.50380  18.243732
 109.50379  18.243677
 109.50378  18.243622
 109.50377  18.243567
 109.50376  18.243512
 109.50375  18.243457
 109.50374  18.243402
 109.50373  18.243347
 109.50372  18.243292
 109.50371  18.243237
 109.50370  18.243182
 109.50369  18.243127
 109.50368  18.243072
 109.50367  18.243017
 109.50366  18.242962
 109.50365  18.242907
 109.50364  18.242852
 109.50363  18.242797
 109.50362  18.242742
 109.50361  18.242687
 109.50360  18.242632
 109.50359  18.242577
 109.50358  18.242522
 109.50357  18.242467
 109.50356  18.242412
 109.50355  18.242357
 109.50354  18.242302
 109.50353  18.242247
 109.50352  18.242192
 109.50351  18.242137
 109.50350  18.242082
 109.50349  18.242027
 109.50348  18.241972
 109.50347  18.241917
 109.50346  18.241862
 109.50345  18.241807
 109.50344  18.241752
 109.50343  18.241697
 109.50342  18.241642
 109.50341  18.241587
 109.50340  18.241532
 109.50339  18.241477
 109.50338  18.241422
 109.50337  18.241367
 109.50336  18.241312
 109.50335  18.241257
 109.50334  18.241202
 109.50333  18.241147
