 109.50279  18.242630
 109.50280  18.242653
 109.50282  18.242677
 109.50284  18.242701
 109.50286  18.242724
 109.50288  18.242748
 109.50289  18.242771
 109.50291  18.242794
 109.50293  18.242818
 109.50295  18.242842
 109.50297  18.242865
 109.50298  18.242888
 109.50300  18.242912
 109.50302  18.242936
 109.50304  18.242959
 109.50306  18.242983
 109.50307  18.243006
 109.50309  18.243029
 109.50311  18.243053
 109.50313  18.243077
 109.50315  18.243100
 109.50316  18.243123
 109.50318  18.243147
 109.50320  18.243171
 109.50322  18.243194
 109.50324  18.243218
 109.50325  18.243241
 109.50327  18.243264
 109.50329  18.243288
 109.50331  18.243312
 109.50333  18.243335
 109.50334  18.243358
 109.50336  18.243382
 109.50338  18.243406
 109.50340  18.243429
 109.50342  18.243453
 109.50343  18.243476
 109.50345  18.243499
 109.50347  18.243523
 109.50349  18.243547
 109.50351  18.243570
 109.50352  18.243593
 109.50354  18.243617
 109.50356  18.243641
 109.50358  18.243664
 109.50360  18.243688
 109.50361  18.243711
 109.50363  18.243734
 109.50365  18.243758
 109.50367  18.243782
 109.50369  18.243805
 109.50370  18.243829
 109.50372  18.243852
 109.50374  18.243876
 109.50376  18.243899
 109.50378  18.243923
 109.50379  18.243946
 109.50381  18.243970
 109.50383  18.243993
 109.50385  18.244017
 109.50387  18.244040
 109.50388  18.244064
 109.50390  18.244087
 109.50392  18.244111
 109.50394  18.244134
 109.50396  18.244158
 109.50397  18.244181
 109.50399  18.244205
 109.50401  18.244228
 109.50403  18.244252
 109.50405  18.244275
 109.50406  18.244299
 109.50408  18.244322
 109.50410  18.244346
 109.50412  18.244369
 109.50414  18.244393
 109.50415  18.244416
 109.50417  18.244440
 109.50419  18.244463
 109.50421  18.244487
 109.50423  18.244510
 109.50424  18.244534
 109.50426  18.244557
 109.50428  18.244581
 109.50430  18.244604
 109.50432  18.244628
 109.50433  18.244651
 109.50435  18.244675
 109.50437  18.244698
 109.50439  18.244722
 109.50441  18.244745
 109.50442  18.244769
 109.50444  18.244792
 109.50446  18.244816
 109.50448  18.244839
 109.50450  18.244863
 109.50451  18.244886
 109.50453  18.244910
 109.50455  18.244933
 109.50457  18.244957
 109.50459  18.244980
 109.50460  18.245004
 109.50462  18.245027
 109.50464  18.245051
 109.50466  18.245074
 109.50468  18.245098
 109.50469  18.245121
 109.50471  18.245145
 109.50473  18.245168
 109.50475  18.245192
 109.50477  18.245215
 109.50478  18.245239
 109.50480  18.245262
 109.50482  18.245286
 109.50484  18.245309
 109.50486  18.245333
 109.50487  18.245356
 109.50489  18.245380
 109.50491  18.245403
 109.50493  18.245427
