 109.50415  18.253347
 109.50415  18.253394
 109.50415  18.253441
 109.50415  18.253488
 109.50415  18.253535
 109.50415  18.253582
 109.50415  18.253629
 109.50415  18.253676
 109.50415  18.253723
 109.50415  18.253770
 109.50415  18.253817
 109.50415  18.253864
 109.50415  18.253911
 109.50415  18.253958
 109.50415  18.254005
 109.50415  18.254052
 109.50415  18.254099
 109.50415  18.254146
 109.50415  18.254193
 109.50415  18.254240
 109.50415  18.254287
 109.50415  18.254334
 109.50415  18.254381
 109.50415  18.254428
 109.50415  18.254475
 109.50415  18.254522
 109.50415  18.254569
 109.50415  18.254616
 109.50415  18.254663
 109.50415  18.254710
 109.50415  18.254757
 109.50415  18.254804
 109.50415  18.254851
 109.50415  18.254898
 109.50415  18.254945
 109.50415  18.254992
 109.50415  18.255039
 109.50415  18.255086
 109.50415  18.255133
 109.50415  18.255180
 109.50415  18.255227
 109.50415  18.255274
 109.50415  18.255321
 109.50415  18.255368
 109.50415  18.255415
 109.50415  18.255462
 109.50415  18.255509
 109.50415  18.255556
 109.50415  18.255603
 109.50415  18.255650
 109.50415  18.255697
 109.50415  18.255744
 109.50415  18.255791
 109.50415  18.255838
 109.50415  18.255885
 109.50415  18.255932
 109.50415  18.255979
 109.50415  18.256026
 109.50415  18.256073
 109.50415  18.256120
 109.50415  18.256167
 109.50415  18.256214
 109.50415  18.256261
 109.50415  18.256308
 109.50415  18.256355
 109.50415  18.256402
 109.50415  18.256449
 109.50415  18.256496
 109.50415  18.256543
 109.50415  18.256590
 109.50415  18.256637
 109.50415  18.256684
 109.50415  18.256731
 109.50415  18.256778
 109.50415  18.256825
 109.50415  18.256872
 109.50415  18.256919
 109.50415  18.256966
 109.50415  18.257013
 109.50415  18.257060
 109.50415  18.257107
 109.50415  18.257154
 109.50415  18.257201
 109.50415  18.257248
 109.50415  18.257295
 109.50415  18.257342
 109.50415  18.257389
 109.50415  18.257436
 109.50415  18.257483
 109.50415  18.257530
 109.50415  18.257577
 109.50415  18.257624
 109.50415  18.257671
 109.50415  18.257718
 109.50415  18.257765
 109.50415  18.257812
 109.50415  18.257859
 109.50415  18.257906
 109.50415  18.257953
 109.50415  18.258000
 109.50415  18.258047
 109.50415  18.258094
 109.50415  18.258141
 109.50415  18.258188
 109.50415  18.258235
 109.50415  18.258282
 109.50415  18.258329
 109.50415  18.258376
 109.50415  18.258423
 109.50415  18.258470
 109.50415  18.258517
 109.50415  18.258564
 109.50415  18.258611
 109.50415  18.258658
 109.50415  18.258705
 109.50415  18.258752
 109.50415  18.258799
 109.50415  18.258846
 109.50415  18.258893
 109.50415  18.258940
