 109.49483  18.261478
 109.49489  18.261484
 109.49494  18.261490
 109.49499  18.261496
 109.49504  18.261502
 109.49509  18.261508
 109.49514  18.261514
 109.49519  18.261520
 109.49523  18.261526
 109.49529  18.261532
 109.49534  18.261538
 109.49539  18.261544
 109.49544  18.261550
 109.49549  18.261556
 109.49554  18.261562
 109.49559  18.261568
 109.49563  18.261574
 109.49568  18.261580
 109.49574  18.261586
 109.49579  18.261592
 109.49584  18.261598
 109.49589  18.261604
 109.49594  18.261610
 109.49599  18.261616
 109.49604  18.261622
 109.49608  18.261628
 109.49614  18.261634
 109.49619  18.261640
 109.49624  18.261646
 109.49629  18.261652
 109.49634  18.261658
 109.49639  18.261664
 109.49644  18.261670
 109.49649  18.261676
 109.49653  18.261682
 109.49659  18.261688
 109.49664  18.261694
 109.49669  18.261700
 109.49674  18.261706
 109.49679  18.261712
 109.49684  18.261718
 109.49689  18.261724
 109.49693  18.261730
 109.49699  18.261736
 109.49704  18.261742
 109.49709  18.261748
 109.49714  18.261754
 109.49719  18.261760
 109.49724  18.261766
 109.49729  18.261772
 109.49734  18.261778
 109.49738  18.261784
 109.49744  18.261790
 109.49749  18.261796
 109.49754  18.261802
 109.49759  18.261808
 109.49764  18.261814
 109.49769  18.261820
 109.49774  18.261826
 109.49778  18.261832
 109.49783  18.261838
 109.49789  18.261844
 109.49794  18.261850
 109.49799  18.261856
 109.49804  18.261862
 109.49809  18.261868
 109.49814  18.261874
 109.49819  18.261880
 109.49823  18.261886
 109.49829  18.261892
 109.49834  18.261898
 109.49839  18.261904
 109.49844  18.261910
 109.49849  18.261916
 109.49854  18.261922
 109.49859  18.261928
 109.49863  18.261934
 109.49868  18.261940
 109.49874  18.261946
 109.49879  18.261952
 109.49884  18.261958
 109.49889  18.261964
 109.49894  18.261970
 109.49899  18.261976
 109.49904  18.261982
 109.49908  18.261988
 109.49914  18.261994
 109.49919  18.262000
 109.49924  18.262006
 109.49929  18.262012
 109.49934  18.262018
 109.49939  18.262024
 109.49944  18.262030
 109.49949  18.262036
 109.49953  18.262042
 109.49959  18.262048
 109.49964  18.262054
 109.49969  18.262060
 109.49974  18.262066
 109.49979  18.262072
 109.49984  18.262078
 109.49989  18.262084
 109.49993  18.262090
 109.49999  18.262096
 109.50004  18.262102
 109.50009  18.262108
 109.50014  18.262114
 109.50019  18.262120
 109.50024  18.262126
 109.50029  18.262132
 109.50034  18.262138
 109.50038  18.262144
 109.50044  18.262150
 109.50049  18.262156
 109.50054  18.262162
 109.50059  18.262168
 109.50064  18.262174
 109.50069  18.262180
 109.50074  18.262186
 109.50078  18.262192
