 109.50049  18.253248
 109.50053  18.253148
 109.50057  18.253048
 109.50061  18.252948
 109.50065  18.252848
 109.50069  18.252748
 109.50073  18.252648
 109.50077  18.252548
 109.50081  18.252448
 109.50085  18.252348
 109.50089  18.252248
 109.50093  18.252148
 109.50097  18.252048
 109.50101  18.251948
 109.50105  18.251848
 109.50109  18.251748
 109.50113  18.251648
 109.50117  18.251548
 109.50121  18.251448
 109.50125  18.251348
 109.50129  18.251248
 109.50133  18.251148
 109.50137  18.251048
 109.50141  18.250948
 109.50145  18.250848
 109.50149  18.250748
 109.50153  18.250648
 109.50157  18.250548
 109.50161  18.250448
 109.50165  18.250348
 109.50169  18.250248
 109.50173  18.250148
 109.50177  18.250048
 109.50181  18.249948
 109.50185  18.249848
 109.50189  18.249748
 109.50193  18.249648
 109.50197  18.249548
 109.50201  18.249448
 109.50205  18.249348
 109.50209  18.249248
 109.50213  18.249148
 109.50217  18.249048
 109.50221  18.248948
 109.50225  18.248848
 109.50229  18.248748
 109.50233  18.248648
 109.50237  18.248548
 109.50241  18.248448
 109.50245  18.248348
 109.50249  18.248248
 109.50253  18.248148
 109.50257  18.248048
 109.50261  18.247948
 109.50265  18.247848
 109.50269  18.247748
 109.50273  18.247648
 109.50277  18.247548
 109.50281  18.247448
 109.50285  18.247348
 109.50289  18.247248
 109.50293  18.247148
 109.50297  18.247048
 109.50301  18.246948
 109.50305  18.246848
 109.50309  18.246748
 109.50313  18.246648
 109.50317  18.246548
 109.50321  18.246448
 109.50325  18.246348
 109.50329  18.246248
 109.50333  18.246148
 109.50337  18.246048
 109.50341  18.245948
 109.50345  18.245848
 109.50349  18.245748
 109.50353  18.245648
 109.50357  18.245548
 109.50361  18.245448
 109.50365  18.245348
 109.50369  18.245248
 109.50373  18.245148
 109.50377  18.245048
 109.50381  18.244948
 109.50385  18.244848
 109.50389  18.244748
 109.50393  18.244648
 109.50397  18.244548
 109.50401  18.244448
 109.50405  18.244348
 109.50409  18.244248
 109.50413  18.244148
 109.50417  18.244048
 109.50421  18.243948
 109.50425  18.243848
 109.50429  18.243748
 109.50433  18.243648
 109.50437  18.243548
 109.50441  18.243448
 109.50445  18.243348
 109.50449  18.243248
 109.50453  18.243148
 109.50457  18.243048
 109.50461  18.242948
 109.50465  18.242848
 109.50469  18.242748
 109.50473  18.242648
 109.50477  18.242548
 109.50481  18.242448
 109.50485  18.242348
 109.50489  18.242248
 109.50493  18.242148
 109.50497  18.242048
 109.50501  18.241948
 109.50505  18.241848
 109.50509  18.241748
 109.50513  18.241648
 109.50517  18.241548
 109.50521  18.241448
 109.50525  18.241348
