 109.50552  18.241013
 109.50558  18.240973
 109.50564  18.240933
 109.50570  18.240893
 109.50576  18.240853
 109.50582  18.240813
 109.50588  18.240773
 109.50594  18.240733
 109.50600  18.240693
 109.50606  18.240653
 109.50612  18.240613
 109.50618  18.240573
 109.50624  18.240533
 109.50630  18.240493
 109.50636  18.240453
 109.50642  18.240413
 109.50648  18.240373
 109.50654  18.240333
 109.50660  18.240293
 109.50666  18.240253
 109.50672  18.240213
 109.50678  18.240173
 109.50684  18.240133
 109.50690  18.240093
 109.50696  18.240053
 109.50702  18.240013
 109.50708  18.239973
 109.50714  18.239933
 109.50720  18.239893
 109.50726  18.239853
 109.50732  18.239813
 109.50738  18.239773
 109.50744  18.239733
 109.50750  18.239693
 109.50756  18.239653
 109.50762  18.239613
 109.50768  18.239573
 109.50774  18.239533
 109.50780  18.239493
 109.50786  18.239453
 109.50792  18.239413
 109.50798  18.239373
 109.50804  18.239333
 109.50810  18.239293
 109.50816  18.239253
 109.50822  18.239213
 109.50828  18.239173
 109.50834  18.239133
 109.50840  18.239093
 109.50846  18.239053
 109.50852  18.239013
 109.50858  18.238973
 109.50864  18.238933
 109.50870  18.238893
 109.50876  18.238853
 109.50882  18.238813
 109.50888  18.238773
 109.50894  18.238733
 109.50900  18.238693
 109.50906  18.238653
 109.50912  18.238613
 109.50918  18.238573
 109.50924  18.238533
 109.50930  18.238493
 109.50936  18.238453
 109.50942  18.238413
 109.50948  18.238373
 109.50954  18.238333
 109.50960  18.238293
 109.50966  18.238253
 109.50972  18.238213
 109.50978  18.238173
 109.50984  18.238133
 109.50990  18.238093
 109.50996  18.238053
 109.51002  18.238013
 109.51008  18.237973
 109.51014  18.237933
 109.51020  18.237893
 109.51026  18.237853
 109.51032  18.237813
 109.51038  18.237773
 109.51044  18.237733
 109.51050  18.237693
 109.51056  18.237653
 109.51062  18.237613
 109.51068  18.237573
 109.51074  18.237533
 109.51080  18.237493
 109.51086  18.237453
 109.51092  18.237413
 109.51098  18.237373
 109.51104  18.237333
 109.51110  18.237293
 109.51116  18.237253
 109.51122  18.237213
 109.51128  18.237173
 109.51134  18.237133
 109.51140  18.237093
 109.51146  18.237053
 109.51152  18.237013
 109.51158  18.236973
 109.51164  18.236933
 109.51170  18.236893
 109.51176  18.236853
 109.51182  18.236813
 109.51188  18.236773
 109.51194  18.236733
 109.51200  18.236693
 109.51206  18.236653
 109.51212  18.236613
 109.51218  18.236573
 109.51224  18.236533
 109.51230  18.236493
 109.51236  18.236453
 109.51242  18.236413
 109.51248  18.236373
 109.51254  18.236333
 109.51260  18.236293
 109.51266  18.236253
