 109.50552  18.241077
 109.50552  18.271047
 109.50552  18.301017
 109.50552  18.330987
 109.50552  18.360957
 109.50552  18.390927
 109.50552  18.420897
 109.50552  18.450867
 109.50552  18.480837
 109.50552  18.510807
 109.50552  18.540777
 109.50552  18.570747
 109.50552  18.600717
 109.50552  18.630687
 109.50552  18.660657
 109.50552  18.690627
 109.50552  18.720597
 109.50552  18.750567
 109.50552  18.780537
 109.50552  18.810507
 109.50552  18.840477
 109.50552  18.870447
 109.50552  18.900417
 109.50552  18.930387
 109.50552  18.960357
 109.50552  18.990327
 109.50552  19.020297
 109.50552  19.050267
 109.50552  19.080237
 109.50552  19.110207
 109.50552  19.140177
 109.50552  19.170147
 109.50552  19.200117
 109.50552  19.230087
 109.50552  19.260057
 109.50552  19.290027
 109.50552  19.319997
 109.50552  19.349967
 109.50552  19.379937
 109.50552  19.409907
 109.50552  19.439877
 109.50552  19.469847
 109.50552  19.499817
 109.50552  19.529787
 109.50552  19.559757
 109.50552  19.589727
 109.50552  19.619697
 109.50552  19.649667
 109.50552  19.679637
 109.50552  19.709607
 109.50552  19.739577
 109.50552  19.769547
 109.50552  19.799517
 109.50552  19.829487
 109.50552  19.859457
 109.50552  19.889427
 109.50552  19.919397
 109.50552  19.949367
 109.50552  19.979337
 109.50552  20.009307
 109.50552  20.039277
 109.50552  20.069247
 109.50552  20.099217
 109.50552  20.129187
 109.50552  20.159157
 109.50552  20.189127
 109.50552  20.219097
 109.50552  20.249067
 109.50552  20.279037
 109.50552  20.309007
 109.50552  20.338977
 109.50552  20.368947
 109.50552  20.398917
 109.50552  20.428887
 109.50552  20.458857
 109.50552  20.488827
 109.50552  20.518797
 109.50552  20.548767
 109.50552  20.578737
 109.50552  20.608707
 109.50552  20.638677
 109.50552  20.668647
 109.50552  20.698617
 109.50552  20.728587
 109.50552  20.758557
 109.50552  20.788527
 109.50552  20.818497
 109.50552  20.848467
 109.50552  20.878437
 109.50552  20.908407
 109.50552  20.938377
 109.50552  20.968347
 109.50552  20.998317
 109.50552  21.028287
 109.50552  21.058257
 109.50552  21.088227
 109.50552  21.118197
 109.50552  21.148167
 109.50552  21.178137
 109.50552  21.208107
 109.50552  21.238077
 109.50552  21.268047
 109.50552  21.298017
 109.50552  21.327987
 109.50552  21.357957
 109.50552  21.387927
 109.50552  21.417897
 109.50552  21.447867
 109.50552  21.477837
 109.50552  21.507807
 109.50552  21.537777
 109.50552  21.567747
 109.50552  21.597717
 109.50552  21.627687
 109.50552  21.657657
 109.50552  21.687627
 109.50552  21.717597
 109.50552  21.747567
 109.50552  21.777537
 109.50552  21.807507
