 109.50262  18.241983
 109.50263  18.241950
 109.50264  18.241916
 109.50265  18.241883
 109.50265  18.241850
 109.50266  18.241816
 109.50267  18.241783
 109.50267  18.241750
 109.50268  18.241717
 109.50269  18.241683
 109.50270  18.241650
 109.50270  18.241617
 109.50271  18.241583
 109.50272  18.241550
 109.50272  18.241517
 109.50273  18.241484
 109.50274  18.241450
 109.50274  18.241417
 109.50275  18.241384
 109.50276  18.241350
 109.50277  18.241317
 109.50277  18.241284
 109.50278  18.241250
 109.50279  18.241217
 109.50279  18.241184
 109.50280  18.241151
 109.50281  18.241117
 109.50281  18.241084
 109.50282  18.241051
 109.50283  18.241017
 109.50284  18.240984
 109.50284  18.240951
 109.50285  18.240917
 109.50286  18.240884
 109.50286  18.240851
 109.50287  18.240817
 109.50288  18.240784
 109.50288  18.240751
 109.50289  18.240718
 109.50290  18.240684
 109.50291  18.240651
 109.50291  18.240618
 109.50292  18.240584
 109.50293  18.240551
 109.50293  18.240518
 109.50294  18.240484
 109.50295  18.240451
 109.50295  18.240418
 109.50296  18.240385
 109.50297  18.240351
 109.50298  18.240318
 109.50298  18.240285
 109.50299  18.240251
 109.50300  18.240218
 109.50300  18.240185
 109.50301  18.240151
 109.50302  18.240118
 109.50302  18.240085
 109.50303  18.240052
 109.50304  18.240018
 109.50305  18.239985
 109.50305  18.239952
 109.50306  18.239918
 109.50307  18.239885
 109.50307  18.239852
 109.50308  18.239818
 109.50309  18.239785
 109.50309  18.239752
 109.50310  18.239719
 109.50311  18.239685
 109.50312  18.239652
 109.50312  18.239619
 109.50313  18.239585
 109.50314  18.239552
 109.50314  18.239519
 109.50315  18.239485
 109.50316  18.239452
 109.50316  18.239419
 109.50317  18.239386
 109.50318  18.239352
 109.50319  18.239319
 109.50319  18.239286
 109.50320  18.239252
 109.50321  18.239219
 109.50321  18.239186
 109.50322  18.239152
 109.50323  18.239119
 109.50323  18.239086
 109.50324  18.239053
 109.50325  18.239019
 109.50326  18.238986
 109.50326  18.238953
 109.50327  18.238919
 109.50328  18.238886
 109.50328  18.238853
 109.50329  18.238819
 109.50330  18.238786
 109.50330  18.238753
 109.50331  18.238720
 109.50332  18.238686
 109.50333  18.238653
 109.50333  18.238620
 109.50334  18.238586
 109.50335  18.238553
 109.50335  18.238520
 109.50336  18.238486
 109.50337  18.238453
 109.50337  18.238420
 109.50338  18.238387
 109.50339  18.238353
 109.50340  18.238320
 109.50340  18.238287
 109.50341  18.238253
 109.50342  18.238220
 109.50342  18.238187
 109.50343  18.238153
 109.50344  18.238120
 109.50344  18.238087
 109.50345  18.238054
 109.50346  18.238020
