 109.50536  18.253742
 109.50535  18.253741
 109.50535  18.253740
 109.50534  18.253739
 109.50534  18.253738
 109.50533  18.253737
 109.50533  18.253736
 109.50532  18.253735
 109.50532  18.253734
 109.50531  18.253733
 109.50531  18.253732
 109.50530  18.253731
 109.50530  18.253730
 109.50529  18.253729
 109.50529  18.253728
 109.50528  18.253727
 109.50528  18.253726
 109.50527  18.253725
 109.50527  18.253724
 109.50526  18.253723
 109.50526  18.253722
 109.50525  18.253721
 109.50525  18.253720
 109.50524  18.253719
 109.50524  18.253718
 109.50523  18.253717
 109.50523  18.253716
 109.50522  18.253715
 109.50522  18.253714
 109.50521  18.253713
 109.50521  18.253712
 109.50520  18.253711
 109.50520  18.253710
 109.50519  18.253709
 109.50519  18.253708
 109.50518  18.253707
 109.50518  18.253706
 109.50517  18.253705
 109.50517  18.253704
 109.50516  18.253703
 109.50516  18.253702
 109.50515  18.253701
 109.50515  18.253700
 109.50514  18.253699
 109.50514  18.253698
 109.50513  18.253697
 109.50513  18.253696
 109.50512  18.253695
 109.50512  18.253694
 109.50511  18.253693
 109.50511  18.253692
 109.50510  18.253691
 109.50510  18.253690
 109.50509  18.253689
 109.50509  18.253688
 109.50508  18.253687
 109.50508  18.253686
 109.50507  18.253685
 109.50507  18.253684
 109.50506  18.253683
 109.50506  18.253682
 109.50505  18.253681
 109.50505  18.253680
 109.50504  18.253679
 109.50504  18.253678
 109.50503  18.253677
 109.50503  18.253676
 109.50502  18.253675
 109.50502  18.253674
 109.50501  18.253673
 109.50501  18.253672
 109.50500  18.253671
 109.50500  18.253670
 109.50499  18.253669
 109.50499  18.253668
 109.50498  18.253667
 109.50498  18.253666
 109.50497  18.253665
 109.50497  18.253664
 109.50496  18.253663
 109.50496  18.253662
 109.50495  18.253661
 109.50495  18.253660
 109.50494  18.253659
 109.50494  18.253658
 109.50493  18.253657
 109.50493  18.253656
 109.50492  18.253655
 109.50492  18.253654
 109.50491  18.253653
 109.50491  18.253652
 109.50490  18.253651
 109.50490  18.253650
 109.50489  18.253649
 109.50489  18.253648
 109.50488  18.253647
 109.50488  18.253646
 109.50487  18.253645
 109.50487  18.253644
 109.50486  18.253643
 109.50486  18.253642
 109.50485  18.253641
 109.50485  18.253640
 109.50484  18.253639
 109.50484  18.253638
 109.50483  18.253637
 109.50483  18.253636
 109.50482  18.253635
 109.50482  18.253634
 109.50481  18.253633
 109.50481  18.253632
 109.50480  18.253631
 109.50480  18.253630
 109.50479  18.253629
 109.50479  18.253628
 109.50478  18.253627
 109.50478  18.253626
 109.50477  18.253625
 109.50477  18.253624
 109.50476  18.253623
