 109.49791  18.261410
 109.49788  18.261390
 109.49785  18.261370
 109.49783  18.261350
 109.49780  18.261330
 109.49777  18.261310
 109.49774  18.261290
 109.49771  18.261270
 109.49769  18.261250
 109.49766  18.261230
 109.49763  18.261210
 109.49760  18.261190
 109.49757  18.261170
 109.49755  18.261150
 109.49752  18.261130
 109.49749  18.261110
 109.49746  18.261090
 109.49743  18.261070
 109.49741  18.261050
 109.49738  18.261030
 109.49735  18.261010
 109.49732  18.260990
 109.49729  18.260970
 109.49727  18.260950
 109.49724  18.260930
 109.49721  18.260910
 109.49718  18.260890
 109.49715  18.260870
 109.49713  18.260850
 109.49710  18.260830
 109.49707  18.260810
 109.49704  18.260790
 109.49701  18.260770
 109.49699  18.260750
 109.49696  18.260730
 109.49693  18.260710
 109.49690  18.260690
 109.49687  18.260670
 109.49685  18.260650
 109.49682  18.260630
 109.49679  18.260610
 109.49676  18.260590
 109.49673  18.260570
 109.49671  18.260550
 109.49668  18.260530
 109.49665  18.260510
 109.49662  18.260490
 109.49659  18.260470
 109.49657  18.260450
 109.49654  18.260430
 109.49651  18.260410
 109.49648  18.260390
 109.49645  18.260370
 109.49643  18.260350
 109.49640  18.260330
 109.49637  18.260310
 109.49634  18.260290
 109.49631  18.260270
 109.49629  18.260250
 109.49626  18.260230
 109.49623  18.260210
 109.49620  18.260190
 109.49617  18.260170
 109.49615  18.260150
 109.49612  18.260130
 109.49609  18.260110
 109.49606  18.260090
 109.49603  18.260070
 109.49601  18.260050
 109.49598  18.260030
 109.49595  18.260010
 109.49592  18.259990
 109.49589  18.259970
 109.49587  18.259950
 109.49584  18.259930
 109.49581  18.259910
 109.49578  18.259890
 109.49575  18.259870
 109.49573  18.259850
 109.49570  18.259830
 109.49567  18.259810
 109.49564  18.259790
 109.49561  18.259770
 109.49559  18.259750
 109.49556  18.259730
 109.49553  18.259710
 109.49550  18.259690
 109.49547  18.259670
 109.49545  18.259650
 109.49542  18.259630
 109.49539  18.259610
 109.49536  18.259590
 109.49533  18.259570
 109.49531  18.259550
 109.49528  18.259530
 109.49525  18.259510
 109.49522  18.259490
 109.49519  18.259470
 109.49517  18.259450
 109.49514  18.259430
 109.49511  18.259410
 109.49508  18.259390
 109.49505  18.259370
 109.49503  18.259350
 109.49500  18.259330
 109.49497  18.259310
 109.49494  18.259290
 109.49491  18.259270
 109.49489  18.259250
 109.49486  18.259230
 109.49483  18.259210
 109.49480  18.259190
 109.49477  18.259170
 109.49475  18.259150
 109.49472  18.259130
 109.49469  18.259110
 109.49466  18.259090
 109.49463  18.259070
 109.49461  18.259050
 109.49458  18.259030
