 109.50425  18.252254
 109.50425  18.252220
 109.50426  18.252186
 109.50426  18.252152
 109.50427  18.252118
 109.50427  18.252084
 109.50427  18.252050
 109.50428  18.252016
 109.50428  18.251982
 109.50429  18.251948
 109.50429  18.251914
 109.50429  18.251880
 109.50430  18.251846
 109.50430  18.251812
 109.50431  18.251778
 109.50431  18.251744
 109.50431  18.251710
 109.50432  18.251676
 109.50432  18.251642
 109.50433  18.251608
 109.50433  18.251574
 109.50433  18.251540
 109.50434  18.251506
 109.50434  18.251472
 109.50435  18.251438
 109.50435  18.251404
 109.50435  18.251370
 109.50436  18.251336
 109.50436  18.251302
 109.50437  18.251268
 109.50437  18.251234
 109.50437  18.251200
 109.50438  18.251166
 109.50438  18.251132
 109.50439  18.251098
 109.50439  18.251064
 109.50439  18.251030
 109.50440  18.250996
 109.50440  18.250962
 109.50441  18.250928
 109.50441  18.250894
 109.50441  18.250860
 109.50442  18.250826
 109.50442  18.250792
 109.50443  18.250758
 109.50443  18.250724
 109.50443  18.250690
 109.50444  18.250656
 109.50444  18.250622
 109.50445  18.250588
 109.50445  18.250554
 109.50445  18.250520
 109.50446  18.250486
 109.50446  18.250452
 109.50447  18.250418
 109.50447  18.250384
 109.50447  18.250350
 109.50448  18.250316
 109.50448  18.250282
 109.50449  18.250248
 109.50449  18.250214
 109.50449  18.250180
 109.50450  18.250146
 109.50450  18.250112
 109.50451  18.250078
 109.50451  18.250044
 109.50451  18.250010
 109.50452  18.249976
 109.50452  18.249942
 109.50453  18.249908
 109.50453  18.249874
 109.50453  18.249840
 109.50454  18.249806
 109.50454  18.249772
 109.50455  18.249738
 109.50455  18.249704
 109.50455  18.249670
 109.50456  18.249636
 109.50456  18.249602
 109.50457  18.249568
 109.50457  18.249534
 109.50457  18.249500
 109.50458  18.249466
 109.50458  18.249432
 109.50459  18.249398
 109.50459  18.249364
 109.50459  18.249330
 109.50460  18.249296
 109.50460  18.249262
 109.50461  18.249228
 109.50461  18.249194
 109.50461  18.249160
 109.50462  18.249126
 109.50462  18.249092
 109.50463  18.249058
 109.50463  18.249024
 109.50463  18.248990
 109.50464  18.248956
 109.50464  18.248922
 109.50465  18.248888
 109.50465  18.248854
 109.50465  18.248820
 109.50466  18.248786
 109.50466  18.248752
 109.50467  18.248718
 109.50467  18.248684
 109.50467  18.248650
 109.50468  18.248616
 109.50468  18.248582
 109.50469  18.248548
 109.50469  18.248514
 109.50469  18.248480
 109.50470  18.248446
 109.50470  18.248412
 109.50471  18.248378
 109.50471  18.248344
 109.50471  18.248310
 109.50472  18.248276
 109.50472  18.248242
 109.50473  18.248208
