 109.50218  18.244614
 109.50211  18.244942
 109.50208  18.244942
 109.50207  18.244934
 109.50207  18.244930
 109.50207  18.244926
 109.50207  18.244922
 109.50207  18.244918
 109.50207  18.244914
 109.50207  18.244910
 109.50207  18.244906
 109.50207  18.244902
 109.50207  18.244898
 109.50207  18.244894
 109.50207  18.244890
 109.50207  18.244886
 109.50207  18.244882
 109.50207  18.244878
 109.50207  18.244874
 109.50207  18.244870
 109.50207  18.244866
 109.50207  18.244862
 109.50207  18.244858
 109.50207  18.244854
 109.50207  18.244850
 109.50207  18.244846
 109.50207  18.244842
 109.50207  18.244838
 109.50207  18.244834
 109.50207  18.244830
 109.50207  18.244826
 109.50207  18.244822
 109.50207  18.244818
 109.50207  18.244814
 109.50207  18.244810
 109.50207  18.244806
 109.50207  18.244802
 109.50207  18.244798
 109.50207  18.244794
 109.50207  18.244790
 109.50207  18.244786
 109.50207  18.244782
 109.50207  18.244778
 109.50207  18.244774
 109.50207  18.244770
 109.50207  18.244766
 109.50207  18.244762
 109.50207  18.244758
 109.50207  18.244754
 109.50207  18.244750
 109.50207  18.244746
 109.50207  18.244742
 109.50207  18.244738
 109.50207  18.244734
 109.50207  18.244730
 109.50207  18.244726
 109.50207  18.244722
 109.50207  18.244718
 109.50207  18.244714
 109.50207  18.244710
 109.50207  18.244706
 109.50207  18.244702
 109.50207  18.244698
 109.50207  18.244694
 109.50207  18.244690
 109.50207  18.244686
 109.50207  18.244682
 109.50207  18.244678
 109.50207  18.244674
 109.50207  18.244670
 109.50207  18.244666
 109.50207  18.244662
 109.50207  18.244658
 109.50207  18.244654
 109.50207  18.244650
 109.50207  18.244646
 109.50207  18.244642
 109.50207  18.244638
 109.50207  18.244634
 109.50207  18.244630
 109.50207  18.244626
 109.50207  18.244622
 109.50207  18.244618
 109.50207  18.244614
 109.50207  18.244610
 109.50207  18.244606
 109.50207  18.244602
 109.50207  18.244598
 109.50207  18.244594
 109.50207  18.244590
 109.50207  18.244586
 109.50207  18.244582
 109.50207  18.244578
 109.50207  18.244574
 109.50207  18.244570
 109.50207  18.244566
 109.50207  18.244562
 109.50207  18.244558
 109.50207  18.244554
 109.50207  18.244550
 109.50207  18.244546
 109.50207  18.244542
 109.50207  18.244538
 109.50207  18.244534
 109.50207  18.244530
 109.50207  18.244526
 109.50207  18.244522
 109.50207  18.244518
 109.50207  18.244514
 109.50207  18.244510
 109.50207  18.244506
 109.50207  18.244502
 109.50207  18.244498
 109.50207  18.244494
 109.50207  18.244490
 109.50207  18.244486
 109.50207  18.244482
 109.50207  18.244478
 109.50207  18.244474
 109.50207  18.244470
