 109.50457  18.253618
 109.50453  18.253538
 109.50450  18.253459
 109.50446  18.253379
 109.50443  18.253300
 109.50439  18.253220
 109.50435  18.253140
 109.50432  18.253061
 109.50428  18.252981
 109.50425  18.252902
 109.50421  18.252822
 109.50417  18.252742
 109.50414  18.252663
 109.50410  18.252583
 109.50407  18.252504
 109.50403  18.252424
 109.50399  18.252344
 109.50396  18.252265
 109.50392  18.252185
 109.50389  18.252106
 109.50385  18.252026
 109.50381  18.251946
 109.50378  18.251867
 109.50374  18.251787
 109.50371  18.251708
 109.50367  18.251628
 109.50363  18.251548
 109.50360  18.251469
 109.50356  18.251389
 109.50353  18.251310
 109.50349  18.251230
 109.50345  18.251150
 109.50342  18.251071
 109.50338  18.250991
 109.50335  18.250912
 109.50331  18.250832
 109.50327  18.250752
 109.50324  18.250673
 109.50320  18.250593
 109.50317  18.250514
 109.50313  18.250434
 109.50309  18.250354
 109.50306  18.250275
 109.50302  18.250195
 109.50299  18.250116
 109.50295  18.250036
 109.50291  18.249956
 109.50288  18.249877
 109.50284  18.249797
 109.50281  18.249718
 109.50277  18.249638
 109.50273  18.249558
 109.50270  18.249479
 109.50266  18.249399
 109.50263  18.249320
 109.50259  18.249240
 109.50255  18.249160
 109.50252  18.249081
 109.50248  18.249001
 109.50245  18.248922
 109.50241  18.248842
 109.50237  18.248762
 109.50234  18.248683
 109.50230  18.248603
 109.50227  18.248524
 109.50223  18.248444
 109.50219  18.248364
 109.50216  18.248285
 109.50212  18.248205
 109.50209  18.248126
 109.50205  18.248046
 109.50201  18.247966
 109.50198  18.247887
 109.50194  18.247807
 109.50191  18.247728
 109.50187  18.247648
 109.50183  18.247568
 109.50180  18.247489
 109.50176  18.247409
 109.50173  18.247330
 109.50169  18.247250
 109.50165  18.247170
 109.50162  18.247091
 109.50158  18.247011
 109.50155  18.246932
 109.50151  18.246852
 109.50147  18.246772
 109.50144  18.246693
 109.50140  18.246613
 109.50137  18.246534
 109.50133  18.246454
 109.50129  18.246374
 109.50126  18.246295
 109.50122  18.246215
 109.50119  18.246136
 109.50115  18.246056
 109.50111  18.245976
 109.50108  18.245897
 109.50104  18.245817
 109.50101  18.245738
 109.50097  18.245658
 109.50093  18.245578
 109.50090  18.245499
 109.50086  18.245419
 109.50083  18.245340
 109.50079  18.245260
 109.50075  18.245180
 109.50072  18.245101
 109.50068  18.245021
 109.50065  18.244942
 109.50061  18.244862
 109.50057  18.244782
 109.50054  18.244703
 109.50050  18.244623
 109.50047  18.244544
 109.50043  18.244464
 109.50039  18.244384
 109.50036  18.244305
 109.50032  18.244225
 109.50029  18.244146
