 109.49998  18.255186
 109.49985  18.255260
 109.49972  18.255333
 109.49958  18.255406
 109.49945  18.255480
 109.49932  18.255554
 109.49919  18.255627
 109.49906  18.255701
 109.49892  18.255774
 109.49879  18.255848
 109.49866  18.255921
 109.49853  18.255995
 109.49840  18.256068
 109.49826  18.256141
 109.49813  18.256215
 109.49800  18.256289
 109.49787  18.256362
 109.49774  18.256435
 109.49760  18.256509
 109.49747  18.256583
 109.49734  18.256656
 109.49721  18.256730
 109.49708  18.256803
 109.49694  18.256877
 109.49681  18.256950
 109.49668  18.257024
 109.49655  18.257097
 109.49642  18.257171
 109.49628  18.257244
 109.49615  18.257318
 109.49602  18.257391
 109.49589  18.257465
 109.49576  18.257538
 109.49562  18.257612
 109.49549  18.257685
 109.49536  18.257759
 109.49523  18.257832
 109.49510  18.257906
 109.49496  18.257979
 109.49483  18.258053
 109.49470  18.258126
 109.49457  18.258200
 109.49444  18.258273
 109.49430  18.258347
 109.49417  18.258420
 109.49404  18.258494
 109.49391  18.258567
 109.49378  18.258641
 109.49364  18.258714
 109.49351  18.258788
 109.49338  18.258861
 109.49325  18.258935
 109.49312  18.259008
 109.49298  18.259082
 109.49285  18.259155
 109.49272  18.259229
 109.49259  18.259302
 109.49246  18.259376
 109.49232  18.259449
 109.49219  18.259523
 109.49206  18.259596
 109.49193  18.259670
 109.49180  18.259743
 109.49166  18.259817
 109.49153  18.259890
 109.49140  18.259964
 109.49127  18.260037
 109.49114  18.260111
 109.49100  18.260184
 109.49087  18.260258
 109.49074  18.260331
 109.49061  18.260405
 109.49048  18.260478
 109.49034  18.260552
 109.49021  18.260625
 109.49008  18.260699
 109.48995  18.260772
 109.48982  18.260846
 109.48968  18.260919
 109.48955  18.260993
 109.48942  18.261066
 109.48929  18.261140
 109.48916  18.261213
 109.48902  18.261287
 109.48889  18.261360
 109.48876  18.261434
 109.48863  18.261507
 109.48850  18.261581
 109.48836  18.261654
 109.48823  18.261728
 109.48810  18.261801
 109.48797  18.261875
 109.48784  18.261948
 109.48770  18.262022
 109.48757  18.262095
 109.48744  18.262169
 109.48731  18.262242
 109.48718  18.262316
 109.48704  18.262389
 109.48691  18.262463
 109.48678  18.262536
 109.48665  18.262610
 109.48652  18.262683
 109.48638  18.262757
 109.48625  18.262830
 109.48612  18.262904
 109.48599  18.262977
 109.48586  18.263051
 109.48572  18.263124
 109.48559  18.263198
 109.48546  18.263271
 109.48533  18.263345
 109.48520  18.263418
 109.48506  18.263492
 109.48493  18.263565
 109.48480  18.263639
 109.48467  18.263712
 109.48454  18.263786
 109.48440  18.263859
 109.48427  18.263933
