 109.49569  18.259209
 109.49567  18.259289
 109.49565  18.259369
 109.49563  18.259449
 109.49561  18.259529
 109.49559  18.259609
 109.49557  18.259689
 109.49555  18.259769
 109.49553  18.259849
 109.49551  18.259929
 109.49549  18.260009
 109.49547  18.260089
 109.49545  18.260169
 109.49543  18.260249
 109.49541  18.260329
 109.49539  18.260409
 109.49537  18.260489
 109.49535  18.260569
 109.49533  18.260649
 109.49531  18.260729
 109.49529  18.260809
 109.49527  18.260889
 109.49525  18.260969
 109.49523  18.261049
 109.49521  18.261129
 109.49519  18.261209
 109.49517  18.261289
 109.49515  18.261369
 109.49513  18.261449
 109.49511  18.261529
 109.49509  18.261609
 109.49507  18.261689
 109.49505  18.261769
 109.49503  18.261849
 109.49501  18.261929
 109.49499  18.262009
 109.49497  18.262089
 109.49495  18.262169
 109.49493  18.262249
 109.49491  18.262329
 109.49489  18.262409
 109.49487  18.262489
 109.49485  18.262569
 109.49483  18.262649
 109.49481  18.262729
 109.49479  18.262809
 109.49477  18.262889
 109.49475  18.262969
 109.49473  18.263049
 109.49471  18.263129
 109.49469  18.263209
 109.49467  18.263289
 109.49465  18.263369
 109.49463  18.263449
 109.49461  18.263529
 109.49459  18.263609
 109.49457  18.263689
 109.49455  18.263769
 109.49453  18.263849
 109.49451  18.263929
 109.49449  18.264009
 109.49447  18.264089
 109.49445  18.264169
 109.49443  18.264249
 109.49441  18.264329
 109.49439  18.264409
 109.49437  18.264489
 109.49435  18.264569
 109.49433  18.264649
 109.49431  18.264729
 109.49429  18.264809
 109.49427  18.264889
 109.49425  18.264969
 109.49423  18.265049
 109.49421  18.265129
 109.49419  18.265209
 109.49417  18.265289
 109.49415  18.265369
 109.49413  18.265449
 109.49411  18.265529
 109.49409  18.265609
 109.49407  18.265689
 109.49405  18.265769
 109.49403  18.265849
 109.49401  18.265929
 109.49399  18.266009
 109.49397  18.266089
 109.49395  18.266169
 109.49393  18.266249
 109.49391  18.266329
 109.49389  18.266409
 109.49387  18.266489
 109.49385  18.266569
 109.49383  18.266649
 109.49381  18.266729
 109.49379  18.266809
 109.49377  18.266889
 109.49375  18.266969
 109.49373  18.267049
 109.49371  18.267129
 109.49369  18.267209
 109.49367  18.267289
 109.49365  18.267369
 109.49363  18.267449
 109.49361  18.267529
 109.49359  18.267609
 109.49357  18.267689
 109.49355  18.267769
 109.49353  18.267849
 109.49351  18.267929
 109.49349  18.268009
 109.49347  18.268089
 109.49345  18.268169
 109.49343  18.268249
 109.49341  18.268329
 109.49339  18.268409
 109.49337  18.268489
 109.49335  18.268569
 109.49333  18.268649
 109.49331  18.268729
