 109.49649  18.256039
 109.49648  18.256109
 109.49647  18.256179
 109.49646  18.256249
 109.49645  18.256319
 109.49644  18.256389
 109.49643  18.256459
 109.49642  18.256529
 109.49641  18.256599
 109.49640  18.256669
 109.49639  18.256739
 109.49638  18.256809
 109.49637  18.256879
 109.49636  18.256949
 109.49635  18.257019
 109.49634  18.257089
 109.49633  18.257159
 109.49632  18.257229
 109.49631  18.257299
 109.49630  18.257369
 109.49629  18.257439
 109.49628  18.257509
 109.49627  18.257579
 109.49626  18.257649
 109.49625  18.257719
 109.49624  18.257789
 109.49623  18.257859
 109.49622  18.257929
 109.49621  18.257999
 109.49620  18.258069
 109.49619  18.258139
 109.49618  18.258209
 109.49617  18.258279
 109.49616  18.258349
 109.49615  18.258419
 109.49614  18.258489
 109.49613  18.258559
 109.49612  18.258629
 109.49611  18.258699
 109.49610  18.258769
 109.49609  18.258839
 109.49608  18.258909
 109.49607  18.258979
 109.49606  18.259049
 109.49605  18.259119
 109.49604  18.259189
 109.49603  18.259259
 109.49602  18.259329
 109.49601  18.259399
 109.49600  18.259469
 109.49599  18.259539
 109.49598  18.259609
 109.49597  18.259679
 109.49596  18.259749
 109.49595  18.259819
 109.49594  18.259889
 109.49593  18.259959
 109.49592  18.260029
 109.49591  18.260099
 109.49590  18.260169
 109.49589  18.260239
 109.49588  18.260309
 109.49587  18.260379
 109.49586  18.260449
 109.49585  18.260519
 109.49584  18.260589
 109.49583  18.260659
 109.49582  18.260729
 109.49581  18.260799
 109.49580  18.260869
 109.49579  18.260939
 109.49578  18.261009
 109.49577  18.261079
 109.49576  18.261149
 109.49575  18.261219
 109.49574  18.261289
 109.49573  18.261359
 109.49572  18.261429
 109.49571  18.261499
 109.49570  18.261569
 109.49569  18.261639
 109.49568  18.261709
 109.49567  18.261779
 109.49566  18.261849
 109.49565  18.261919
 109.49564  18.261989
 109.49563  18.262059
 109.49562  18.262129
 109.49561  18.262199
 109.49560  18.262269
 109.49559  18.262339
 109.49558  18.262409
 109.49557  18.262479
 109.49556  18.262549
 109.49555  18.262619
 109.49554  18.262689
 109.49553  18.262759
 109.49552  18.262829
 109.49551  18.262899
 109.49550  18.262969
 109.49549  18.263039
 109.49548  18.263109
 109.49547  18.263179
 109.49546  18.263249
 109.49545  18.263319
 109.49544  18.263389
 109.49543  18.263459
 109.49542  18.263529
 109.49541  18.263599
 109.49540  18.263669
 109.49539  18.263739
 109.49538  18.263809
 109.49537  18.263879
 109.49536  18.263949
 109.49535  18.264019
 109.49534  18.264089
 109.49533  18.264159
 109.49532  18.264229
 109.49531  18.264299
 109.49530  18.264369
