 109.50550  18.239902
 109.50585  18.239915
 109.50620  18.239928
 109.50655  18.239941
 109.50690  18.239954
 109.50725  18.239967
 109.50760  18.239980
 109.50795  18.239993
 109.50830  18.240006
 109.50865  18.240019
 109.50900  18.240032
 109.50935  18.240045
 109.50970  18.240058
 109.51005  18.240071
 109.51040  18.240084
 109.51075  18.240097
 109.51110  18.240110
 109.51145  18.240123
 109.51180  18.240136
 109.51215  18.240149
 109.51250  18.240162
 109.51285  18.240175
 109.51320  18.240188
 109.51355  18.240201
 109.51390  18.240214
 109.51425  18.240227
 109.51460  18.240240
 109.51495  18.240253
 109.51530  18.240266
 109.51565  18.240279
 109.51600  18.240292
 109.51635  18.240305
 109.51670  18.240318
 109.51705  18.240331
 109.51740  18.240344
 109.51775  18.240357
 109.51810  18.240370
 109.51845  18.240383
 109.51880  18.240396
 109.51915  18.240409
 109.51950  18.240422
 109.51985  18.240435
 109.52020  18.240448
 109.52055  18.240461
 109.52090  18.240474
 109.52125  18.240487
 109.52160  18.240500
 109.52195  18.240513
 109.52230  18.240526
 109.52265  18.240539
 109.52299  18.240552
 109.52334  18.240565
 109.52369  18.240578
 109.52404  18.240591
 109.52439  18.240604
 109.52474  18.240617
 109.52509  18.240630
 109.52544  18.240643
 109.52579  18.240656
 109.52614  18.240669
 109.52649  18.240682
 109.52684  18.240695
 109.52719  18.240708
 109.52754  18.240721
 109.52789  18.240734
 109.52824  18.240747
 109.52859  18.240760
 109.52894  18.240773
 109.52929  18.240786
 109.52964  18.240799
 109.52999  18.240812
 109.53034  18.240825
 109.53069  18.240838
 109.53104  18.240851
 109.53139  18.240864
 109.53174  18.240877
 109.53209  18.240890
 109.53244  18.240903
 109.53279  18.240916
 109.53314  18.240929
 109.53349  18.240942
 109.53384  18.240955
 109.53419  18.240968
 109.53454  18.240981
 109.53489  18.240994
 109.53524  18.241007
 109.53559  18.241020
 109.53594  18.241033
 109.53629  18.241046
 109.53664  18.241059
 109.53699  18.241072
 109.53734  18.241085
 109.53769  18.241098
 109.53804  18.241111
 109.53839  18.241124
 109.53874  18.241137
 109.53909  18.241150
 109.53944  18.241163
 109.53979  18.241176
 109.54014  18.241189
 109.54049  18.241202
 109.54084  18.241215
 109.54119  18.241228
 109.54154  18.241241
 109.54189  18.241254
 109.54224  18.241267
 109.54259  18.241280
 109.54294  18.241293
 109.54329  18.241306
 109.54364  18.241319
 109.54399  18.241332
 109.54434  18.241345
 109.54469  18.241358
 109.54504  18.241371
 109.54539  18.241384
 109.54574  18.241397
 109.54609  18.241410
 109.54644  18.241423
 109.54679  18.241436
 109.54714  18.241449
