 109.49616  18.256935
 109.49617  18.256967
 109.49618  18.256999
 109.49618  18.257031
 109.49619  18.257063
 109.49620  18.257095
 109.49621  18.257127
 109.49622  18.257159
 109.49622  18.257191
 109.49623  18.257223
 109.49624  18.257255
 109.49625  18.257287
 109.49626  18.257319
 109.49626  18.257351
 109.49627  18.257383
 109.49628  18.257415
 109.49629  18.257447
 109.49630  18.257479
 109.49630  18.257511
 109.49631  18.257543
 109.49632  18.257575
 109.49633  18.257607
 109.49634  18.257639
 109.49634  18.257671
 109.49635  18.257703
 109.49636  18.257735
 109.49637  18.257767
 109.49638  18.257799
 109.49638  18.257831
 109.49639  18.257863
 109.49640  18.257895
 109.49641  18.257927
 109.49642  18.257959
 109.49642  18.257991
 109.49643  18.258023
 109.49644  18.258055
 109.49645  18.258087
 109.49646  18.258119
 109.49646  18.258151
 109.49647  18.258183
 109.49648  18.258215
 109.49649  18.258247
 109.49650  18.258279
 109.49650  18.258311
 109.49651  18.258343
 109.49652  18.258375
 109.49653  18.258407
 109.49654  18.258439
 109.49654  18.258471
 109.49655  18.258503
 109.49656  18.258535
 109.49657  18.258567
 109.49658  18.258599
 109.49658  18.258631
 109.49659  18.258663
 109.49660  18.258695
 109.49661  18.258727
 109.49662  18.258759
 109.49662  18.258791
 109.49663  18.258823
 109.49664  18.258855
 109.49665  18.258887
 109.49666  18.258919
 109.49666  18.258951
 109.49667  18.258983
 109.49668  18.259015
 109.49669  18.259047
 109.49670  18.259079
 109.49670  18.259111
 109.49671  18.259143
 109.49672  18.259175
 109.49673  18.259207
 109.49674  18.259239
 109.49674  18.259271
 109.49675  18.259303
 109.49676  18.259335
 109.49677  18.259367
 109.49678  18.259399
 109.49678  18.259431
 109.49679  18.259463
 109.49680  18.259495
 109.49681  18.259527
 109.49682  18.259559
 109.49682  18.259591
 109.49683  18.259623
 109.49684  18.259655
 109.49685  18.259687
 109.49686  18.259719
 109.49686  18.259751
 109.49687  18.259783
 109.49688  18.259815
 109.49689  18.259847
 109.49690  18.259879
 109.49690  18.259911
 109.49691  18.259943
 109.49692  18.259975
 109.49693  18.260007
 109.49694  18.260039
 109.49694  18.260071
 109.49695  18.260103
 109.49696  18.260135
 109.49697  18.260167
 109.49698  18.260199
 109.49698  18.260231
 109.49699  18.260263
 109.49700  18.260295
 109.49701  18.260327
 109.49702  18.260359
 109.49702  18.260391
 109.49703  18.260423
 109.49704  18.260455
 109.49705  18.260487
 109.49706  18.260519
 109.49706  18.260551
 109.49707  18.260583
 109.49708  18.260615
 109.49709  18.260647
 109.49710  18.260679
 109.49710  18.260711
 109.49711  18.260743
