 109.49609  18.252330
 109.49612  18.252290
 109.49615  18.252250
 109.49618  18.252210
 109.49621  18.252170
 109.49624  18.252130
 109.49627  18.252090
 109.49630  18.252050
 109.49633  18.252010
 109.49636  18.251970
 109.49639  18.251930
 109.49642  18.251890
 109.49645  18.251850
 109.49648  18.251810
 109.49651  18.251770
 109.49654  18.251730
 109.49657  18.251690
 109.49660  18.251650
 109.49663  18.251610
 109.49666  18.251570
 109.49669  18.251530
 109.49672  18.251490
 109.49675  18.251450
 109.49678  18.251410
 109.49681  18.251370
 109.49684  18.251330
 109.49687  18.251290
 109.49690  18.251250
 109.49693  18.251210
 109.49696  18.251170
 109.49699  18.251130
 109.49702  18.251090
 109.49705  18.251050
 109.49708  18.251010
 109.49711  18.250970
 109.49714  18.250930
 109.49717  18.250890
 109.49720  18.250850
 109.49723  18.250810
 109.49726  18.250770
 109.49729  18.250730
 109.49732  18.250690
 109.49735  18.250650
 109.49738  18.250610
 109.49741  18.250570
 109.49744  18.250530
 109.49747  18.250490
 109.49750  18.250450
 109.49753  18.250410
 109.49756  18.250370
 109.49759  18.250330
 109.49762  18.250290
 109.49765  18.250250
 109.49768  18.250210
 109.49771  18.250170
 109.49774  18.250130
 109.49777  18.250090
 109.49780  18.250050
 109.49783  18.250010
 109.49786  18.249970
 109.49789  18.249930
 109.49792  18.249890
 109.49795  18.249850
 109.49798  18.249810
 109.49801  18.249770
 109.49804  18.249730
 109.49807  18.249690
 109.49810  18.249650
 109.49813  18.249610
 109.49816  18.249570
 109.49819  18.249530
 109.49822  18.249490
 109.49825  18.249450
 109.49828  18.249410
 109.49831  18.249370
 109.49834  18.249330
 109.49837  18.249290
 109.49840  18.249250
 109.49843  18.249210
 109.49846  18.249170
 109.49849  18.249130
 109.49852  18.249090
 109.49855  18.249050
 109.49858  18.249010
 109.49861  18.248970
 109.49864  18.248930
 109.49867  18.248890
 109.49870  18.248850
 109.49873  18.248810
 109.49876  18.248770
 109.49879  18.248730
 109.49882  18.248690
 109.49885  18.248650
 109.49888  18.248610
 109.49891  18.248570
 109.49894  18.248530
 109.49897  18.248490
 109.49900  18.248450
 109.49903  18.248410
 109.49906  18.248370
 109.49909  18.248330
 109.49912  18.248290
 109.49915  18.248250
 109.49918  18.248210
 109.49921  18.248170
 109.49924  18.248130
 109.49927  18.248090
 109.49930  18.248050
 109.49933  18.248010
 109.49936  18.247970
 109.49939  18.247930
 109.49942  18.247890
 109.49945  18.247850
 109.49948  18.247810
 109.49951  18.247770
 109.49954  18.247730
 109.49957  18.247690
 109.49960  18.247650
 109.49963  18.247610
 109.49966  18.247570
