 109.49873  18.261044
 109.49875  18.261024
 109.49877  18.261005
 109.49879  18.260985
 109.49881  18.260966
 109.49884  18.260946
 109.49886  18.260926
 109.49888  18.260907
 109.49890  18.260887
 109.49892  18.260868
 109.49895  18.260848
 109.49897  18.260828
 109.49899  18.260809
 109.49901  18.260789
 109.49903  18.260770
 109.49906  18.260750
 109.49908  18.260730
 109.49910  18.260711
 109.49912  18.260691
 109.49914  18.260672
 109.49917  18.260652
 109.49919  18.260632
 109.49921  18.260613
 109.49923  18.260593
 109.49925  18.260574
 109.49928  18.260554
 109.49930  18.260534
 109.49932  18.260515
 109.49934  18.260495
 109.49936  18.260476
 109.49939  18.260456
 109.49941  18.260436
 109.49943  18.260417
 109.49945  18.260397
 109.49947  18.260378
 109.49950  18.260358
 109.49952  18.260338
 109.49954  18.260319
 109.49956  18.260299
 109.49958  18.260280
 109.49961  18.260260
 109.49963  18.260240
 109.49965  18.260221
 109.49967  18.260201
 109.49969  18.260182
 109.49972  18.260162
 109.49974  18.260142
 109.49976  18.260123
 109.49978  18.260103
 109.49980  18.260084
 109.49983  18.260064
 109.49985  18.260044
 109.49987  18.260025
 109.49989  18.260005
 109.49991  18.259986
 109.49994  18.259966
 109.49996  18.259946
 109.49998  18.259927
 109.50000  18.259907
 109.50002  18.259888
 109.50005  18.259868
 109.50007  18.259848
 109.50009  18.259829
 109.50011  18.259809
 109.50013  18.259790
 109.50016  18.259770
 109.50018  18.259750
 109.50020  18.259731
 109.50022  18.259711
 109.50024  18.259692
 109.50027  18.259672
 109.50029  18.259652
 109.50031  18.259633
 109.50033  18.259613
 109.50035  18.259594
 109.50038  18.259574
 109.50040  18.259554
 109.50042  18.259535
 109.50044  18.259515
 109.50046  18.259496
 109.50049  18.259476
 109.50051  18.259456
 109.50053  18.259437
 109.50055  18.259417
 109.50057  18.259398
 109.50060  18.259378
 109.50062  18.259358
 109.50064  18.259339
 109.50066  18.259319
 109.50068  18.259300
 109.50071  18.259280
 109.50073  18.259260
 109.50075  18.259241
 109.50077  18.259221
 109.50079  18.259202
 109.50082  18.259182
 109.50084  18.259162
 109.50086  18.259143
 109.50088  18.259123
 109.50090  18.259104
 109.50093  18.259084
 109.50095  18.259064
 109.50097  18.259045
 109.50099  18.259025
 109.50101  18.259006
 109.50104  18.258986
 109.50106  18.258966
 109.50108  18.258947
 109.50110  18.258927
 109.50112  18.258908
 109.50115  18.258888
 109.50117  18.258868
 109.50119  18.258849
 109.50121  18.258829
 109.50123  18.258810
 109.50126  18.258790
 109.50128  18.258770
 109.50130  18.258751
 109.50132  18.258731
 109.50134  18.258712
