 109.49413  18.256370
 109.49415  18.256410
 109.49417  18.256450
 109.49419  18.256490
 109.49421  18.256530
 109.49423  18.256570
 109.49425  18.256610
 109.49427  18.256650
 109.49429  18.256690
 109.49431  18.256730
 109.49433  18.256770
 109.49435  18.256810
 109.49437  18.256850
 109.49439  18.256890
 109.49441  18.256930
 109.49443  18.256970
 109.49445  18.257010
 109.49447  18.257050
 109.49449  18.257090
 109.49451  18.257130
 109.49453  18.257170
 109.49455  18.257210
 109.49457  18.257250
 109.49459  18.257290
 109.49461  18.257330
 109.49463  18.257370
 109.49465  18.257410
 109.49467  18.257450
 109.49469  18.257490
 109.49471  18.257530
 109.49473  18.257570
 109.49475  18.257610
 109.49477  18.257650
 109.49479  18.257690
 109.49481  18.257730
 109.49483  18.257770
 109.49485  18.257810
 109.49487  18.257850
 109.49489  18.257890
 109.49491  18.257930
 109.49493  18.257970
 109.49495  18.258010
 109.49497  18.258050
 109.49499  18.258090
 109.49501  18.258130
 109.49503  18.258170
 109.49505  18.258210
 109.49507  18.258250
 109.49509  18.258290
 109.49511  18.258330
 109.49513  18.258370
 109.49515  18.258410
 109.49517  18.258450
 109.49519  18.258490
 109.49521  18.258530
 109.49523  18.258570
 109.49525  18.258610
 109.49527  18.258650
 109.49529  18.258690
 109.49531  18.258730
 109.49533  18.258770
 109.49535  18.258810
 109.49537  18.258850
 109.49539  18.258890
 109.49541  18.258930
 109.49543  18.258970
 109.49545  18.259010
 109.49547  18.259050
 109.49549  18.259090
 109.49551  18.259130
 109.49553  18.259170
 109.49555  18.259210
 109.49557  18.259250
 109.49559  18.259290
 109.49561  18.259330
 109.49563  18.259370
 109.49565  18.259410
 109.49567  18.259450
 109.49569  18.259490
 109.49571  18.259530
 109.49573  18.259570
 109.49575  18.259610
 109.49577  18.259650
 109.49579  18.259690
 109.49581  18.259730
 109.49583  18.259770
 109.49585  18.259810
 109.49587  18.259850
 109.49589  18.259890
 109.49591  18.259930
 109.49593  18.259970
 109.49595  18.260010
 109.49597  18.260050
 109.49599  18.260090
 109.49601  18.260130
 109.49603  18.260170
 109.49605  18.260210
 109.49607  18.260250
 109.49609  18.260290
 109.49611  18.260330
 109.49613  18.260370
 109.49615  18.260410
 109.49617  18.260450
 109.49619  18.260490
 109.49621  18.260530
 109.49623  18.260570
 109.49625  18.260610
 109.49627  18.260650
 109.49629  18.260690
 109.49631  18.260730
 109.49633  18.260770
 109.49635  18.260810
 109.49637  18.260850
 109.49639  18.260890
 109.49641  18.260930
 109.49643  18.260970
 109.49645  18.261010
 109.49647  18.261050
 109.49649  18.261090
 109.49651  18.261130
