 109.49889  18.260012
 109.49889  18.260072
 109.49888  18.260132
 109.49888  18.260192
 109.49888  18.260252
 109.49888  18.260312
 109.49888  18.260372
 109.49888  18.260432
 109.49888  18.260492
 109.49888  18.260552
 109.49888  18.260612
 109.49888  18.260672
 109.49887  18.260732
 109.49887  18.260792
 109.49887  18.260852
 109.49887  18.260912
 109.49887  18.260972
 109.49887  18.261032
 109.49887  18.261092
 109.49887  18.261152
 109.49887  18.261212
 109.49887  18.261272
 109.49886  18.261332
 109.49886  18.261392
 109.49886  18.261452
 109.49886  18.261512
 109.49886  18.261572
 109.49886  18.261632
 109.49886  18.261692
 109.49886  18.261752
 109.49886  18.261812
 109.49886  18.261872
 109.49885  18.261932
 109.49885  18.261992
 109.49885  18.262052
 109.49885  18.262112
 109.49885  18.262172
 109.49885  18.262232
 109.49885  18.262292
 109.49885  18.262352
 109.49885  18.262412
 109.49885  18.262472
 109.49884  18.262532
 109.49884  18.262592
 109.49884  18.262652
 109.49884  18.262712
 109.49884  18.262772
 109.49884  18.262832
 109.49884  18.262892
 109.49884  18.262952
 109.49884  18.263012
 109.49884  18.263072
 109.49883  18.263132
 109.49883  18.263192
 109.49883  18.263252
 109.49883  18.263312
 109.49883  18.263372
 109.49883  18.263432
 109.49883  18.263492
 109.49883  18.263552
 109.49883  18.263612
 109.49883  18.263672
 109.49882  18.263732
 109.49882  18.263792
 109.49882  18.263852
 109.49882  18.263912
 109.49882  18.263972
 109.49882  18.264032
 109.49882  18.264092
 109.49882  18.264152
 109.49882  18.264212
 109.49881  18.264272
 109.49881  18.264332
 109.49881  18.264392
 109.49881  18.264452
 109.49881  18.264512
 109.49881  18.264572
 109.49881  18.264632
 109.49881  18.264692
 109.49881  18.264752
 109.49881  18.264812
 109.49881  18.264872
 109.49880  18.264932
 109.49880  18.264992
 109.49880  18.265052
 109.49880  18.265112
 109.49880  18.265172
 109.49880  18.265232
 109.49880  18.265292
 109.49880  18.265352
 109.49880  18.265412
 109.49880  18.265472
 109.49879  18.265532
 109.49879  18.265592
 109.49879  18.265652
 109.49879  18.265712
 109.49879  18.265772
 109.49879  18.265832
 109.49879  18.265892
 109.49879  18.265952
 109.49879  18.266012
 109.49879  18.266072
 109.49878  18.266132
 109.49878  18.266192
 109.49878  18.266252
 109.49878  18.266312
 109.49878  18.266372
 109.49878  18.266432
 109.49878  18.266492
 109.49878  18.266552
 109.49878  18.266612
 109.49877  18.266672
 109.49877  18.266732
 109.49877  18.266792
 109.49877  18.266852
 109.49877  18.266912
 109.49877  18.266972
 109.49877  18.267032
 109.49877  18.267092
 109.49877  18.267152
