 109.50516  18.244710
 109.50524  18.244710
 109.50531  18.244710
 109.50539  18.244710
 109.50546  18.244710
 109.50553  18.244710
 109.50561  18.244710
 109.50569  18.244710
 109.50576  18.244710
 109.50584  18.244710
 109.50591  18.244710
 109.50599  18.244710
 109.50606  18.244710
 109.50614  18.244710
 109.50621  18.244710
 109.50629  18.244710
 109.50636  18.244710
 109.50644  18.244710
 109.50651  18.244710
 109.50659  18.244710
 109.50666  18.244710
 109.50674  18.244710
 109.50681  18.244710
 109.50689  18.244710
 109.50696  18.244710
 109.50704  18.244710
 109.50711  18.244710
 109.50719  18.244710
 109.50726  18.244710
 109.50734  18.244710
 109.50741  18.244710
 109.50749  18.244710
 109.50756  18.244710
 109.50763  18.244710
 109.50771  18.244710
 109.50779  18.244710
 109.50786  18.244710
 109.50794  18.244710
 109.50801  18.244710
 109.50808  18.244710
 109.50816  18.244710
 109.50824  18.244710
 109.50831  18.244710
 109.50839  18.244710
 109.50846  18.244710
 109.50853  18.244710
 109.50861  18.244710
 109.50869  18.244710
 109.50876  18.244710
 109.50884  18.244710
 109.50891  18.244710
 109.50899  18.244710
 109.50906  18.244710
 109.50914  18.244710
 109.50921  18.244710
 109.50929  18.244710
 109.50936  18.244710
 109.50944  18.244710
 109.50951  18.244710
 109.50959  18.244710
 109.50966  18.244710
 109.50974  18.244710
 109.50981  18.244710
 109.50989  18.244710
 109.50996  18.244710
 109.51004  18.244710
 109.51011  18.244710
 109.51019  18.244710
 109.51026  18.244710
 109.51034  18.244710
 109.51041  18.244710
 109.51049  18.244710
 109.51056  18.244710
 109.51063  18.244710
 109.51071  18.244710
 109.51079  18.244710
 109.51086  18.244710
 109.51094  18.244710
 109.51101  18.244710
 109.51108  18.244710
 109.51116  18.244710
 109.51124  18.244710
 109.51131  18.244710
 109.51139  18.244710
 109.51146  18.244710
 109.51153  18.244710
 109.51161  18.244710
 109.51169  18.244710
 109.51176  18.244710
 109.51184  18.244710
 109.51191  18.244710
 109.51199  18.244710
 109.51206  18.244710
 109.51214  18.244710
 109.51221  18.244710
 109.51229  18.244710
 109.51236  18.244710
 109.51244  18.244710
 109.51251  18.244710
 109.51259  18.244710
 109.51266  18.244710
 109.51274  18.244710
 109.51281  18.244710
 109.51289  18.244710
 109.51296  18.244710
 109.51304  18.244710
 109.51311  18.244710
 109.51318  18.244710
 109.51326  18.244710
 109.51334  18.244710
 109.51341  18.244710
 109.51348  18.244710
 109.51356  18.244710
 109.51363  18.244710
 109.51371  18.244710
 109.51378  18.244710
 109.51386  18.244710
 109.51393  18.244710
 109.51401  18.244710
 109.51408  18.244710
