 109.49992  18.261566
 109.50002  18.261556
 109.50012  18.261546
 109.50022  18.261536
 109.50032  18.261526
 109.50042  18.261516
 109.50052  18.261506
 109.50062  18.261496
 109.50072  18.261486
 109.50082  18.261476
 109.50092  18.261466
 109.50102  18.261456
 109.50112  18.261446
 109.50122  18.261436
 109.50132  18.261426
 109.50142  18.261416
 109.50152  18.261406
 109.50162  18.261396
 109.50172  18.261386
 109.50182  18.261376
 109.50192  18.261366
 109.50202  18.261356
 109.50212  18.261346
 109.50222  18.261336
 109.50232  18.261326
 109.50242  18.261316
 109.50252  18.261306
 109.50262  18.261296
 109.50272  18.261286
 109.50282  18.261276
 109.50292  18.261266
 109.50302  18.261256
 109.50312  18.261246
 109.50322  18.261236
 109.50332  18.261226
 109.50342  18.261216
 109.50352  18.261206
 109.50362  18.261196
 109.50372  18.261186
 109.50382  18.261176
 109.50392  18.261166
 109.50402  18.261156
 109.50412  18.261146
 109.50422  18.261136
 109.50432  18.261126
 109.50442  18.261116
 109.50452  18.261106
 109.50462  18.261096
 109.50472  18.261086
 109.50482  18.261076
 109.50492  18.261066
 109.50502  18.261056
 109.50512  18.261046
 109.50522  18.261036
 109.50532  18.261026
 109.50542  18.261016
 109.50552  18.261006
 109.50562  18.260996
 109.50572  18.260986
 109.50582  18.260976
 109.50592  18.260966
 109.50602  18.260956
 109.50612  18.260946
 109.50622  18.260936
 109.50632  18.260926
 109.50642  18.260916
 109.50652  18.260906
 109.50662  18.260896
 109.50672  18.260886
 109.50682  18.260876
 109.50692  18.260866
 109.50702  18.260856
 109.50712  18.260846
 109.50722  18.260836
 109.50732  18.260826
 109.50742  18.260816
 109.50752  18.260806
 109.50762  18.260796
 109.50772  18.260786
 109.50782  18.260776
 109.50792  18.260766
 109.50802  18.260756
 109.50812  18.260746
 109.50822  18.260736
 109.50832  18.260726
 109.50842  18.260716
 109.50852  18.260706
 109.50862  18.260696
 109.50872  18.260686
 109.50882  18.260676
 109.50892  18.260666
 109.50902  18.260656
 109.50912  18.260646
 109.50922  18.260636
 109.50932  18.260626
 109.50942  18.260616
 109.50952  18.260606
 109.50962  18.260596
 109.50972  18.260586
 109.50982  18.260576
 109.50992  18.260566
 109.51002  18.260556
 109.51012  18.260546
 109.51022  18.260536
 109.51032  18.260526
 109.51042  18.260516
 109.51052  18.260506
 109.51062  18.260496
 109.51072  18.260486
 109.51082  18.260476
 109.51092  18.260466
 109.51102  18.260456
 109.51112  18.260446
 109.51122  18.260436
 109.51132  18.260426
 109.51142  18.260416
 109.51152  18.260406
 109.51162  18.260396
 109.51172  18.260386
 109.51182  18.260376
