 109.49630  18.255184
 109.49630  18.255211
 109.49629  18.255237
 109.49629  18.255264
 109.49629  18.255290
 109.49629  18.255316
 109.49628  18.255343
 109.49628  18.255370
 109.49628  18.255396
 109.49627  18.255423
 109.49627  18.255449
 109.49627  18.255475
 109.49626  18.255502
 109.49626  18.255529
 109.49626  18.255555
 109.49626  18.255582
 109.49625  18.255608
 109.49625  18.255634
 109.49625  18.255661
 109.49624  18.255688
 109.49624  18.255714
 109.49624  18.255741
 109.49623  18.255767
 109.49623  18.255793
 109.49623  18.255820
 109.49623  18.255847
 109.49622  18.255873
 109.49622  18.255900
 109.49622  18.255926
 109.49621  18.255952
 109.49621  18.255979
 109.49621  18.256006
 109.49620  18.256032
 109.49620  18.256059
 109.49620  18.256085
 109.49620  18.256111
 109.49619  18.256138
 109.49619  18.256165
 109.49619  18.256191
 109.49618  18.256218
 109.49618  18.256244
 109.49618  18.256270
 109.49617  18.256297
 109.49617  18.256324
 109.49617  18.256350
 109.49617  18.256376
 109.49616  18.256403
 109.49616  18.256429
 109.49616  18.256456
 109.49615  18.256483
 109.49615  18.256509
 109.49615  18.256535
 109.49614  18.256562
 109.49614  18.256588
 109.49614  18.256615
 109.49614  18.256642
 109.49613  18.256668
 109.49613  18.256694
 109.49613  18.256721
 109.49612  18.256747
 109.49612  18.256774
 109.49612  18.256801
 109.49611  18.256827
 109.49611  18.256853
 109.49611  18.256880
 109.49611  18.256906
 109.49610  18.256933
 109.49610  18.256960
 109.49610  18.256986
 109.49609  18.257012
 109.49609  18.257039
 109.49609  18.257066
 109.49608  18.257092
 109.49608  18.257119
 109.49608  18.257145
 109.49608  18.257171
 109.49607  18.257198
 109.49607  18.257225
 109.49607  18.257251
 109.49606  18.257278
 109.49606  18.257304
 109.49606  18.257330
 109.49605  18.257357
 109.49605  18.257384
 109.49605  18.257410
 109.49604  18.257437
 109.49604  18.257463
 109.49604  18.257490
 109.49604  18.257516
 109.49603  18.257543
 109.49603  18.257569
 109.49603  18.257596
 109.49602  18.257622
 109.49602  18.257649
 109.49602  18.257675
 109.49601  18.257702
 109.49601  18.257728
 109.49601  18.257755
 109.49601  18.257781
 109.49600  18.257808
 109.49600  18.257834
 109.49600  18.257861
 109.49599  18.257887
 109.49599  18.257914
 109.49599  18.257940
 109.49598  18.257967
 109.49598  18.257993
 109.49598  18.258020
 109.49598  18.258046
 109.49597  18.258073
 109.49597  18.258099
 109.49597  18.258126
 109.49596  18.258152
 109.49596  18.258179
 109.49596  18.258205
 109.49595  18.258232
 109.49595  18.258258
 109.49595  18.258285
 109.49595  18.258311
 109.49594  18.258338
