 109.49876  18.261936
 109.49874  18.261934
 109.49872  18.261932
 109.49869  18.261930
 109.49867  18.261928
 109.49864  18.261926
 109.49862  18.261924
 109.49860  18.261922
 109.49857  18.261920
 109.49855  18.261918
 109.49852  18.261916
 109.49850  18.261914
 109.49848  18.261912
 109.49845  18.261910
 109.49843  18.261908
 109.49840  18.261906
 109.49838  18.261904
 109.49836  18.261902
 109.49833  18.261900
 109.49831  18.261898
 109.49828  18.261896
 109.49826  18.261894
 109.49824  18.261892
 109.49821  18.261890
 109.49819  18.261888
 109.49816  18.261886
 109.49814  18.261884
 109.49812  18.261882
 109.49809  18.261880
 109.49807  18.261878
 109.49804  18.261876
 109.49802  18.261874
 109.49800  18.261872
 109.49797  18.261870
 109.49795  18.261868
 109.49792  18.261866
 109.49790  18.261864
 109.49788  18.261862
 109.49785  18.261860
 109.49783  18.261858
 109.49780  18.261856
 109.49778  18.261854
 109.49776  18.261852
 109.49773  18.261850
 109.49771  18.261848
 109.49768  18.261846
 109.49766  18.261844
 109.49764  18.261842
 109.49761  18.261840
 109.49759  18.261838
 109.49756  18.261836
 109.49754  18.261834
 109.49752  18.261832
 109.49749  18.261830
 109.49747  18.261828
 109.49744  18.261826
 109.49742  18.261824
 109.49740  18.261822
 109.49737  18.261820
 109.49735  18.261818
 109.49732  18.261816
 109.49730  18.261814
 109.49728  18.261812
 109.49725  18.261810
 109.49723  18.261808
 109.49720  18.261806
 109.49718  18.261804
 109.49716  18.261802
 109.49713  18.261800
 109.49711  18.261798
 109.49708  18.261796
 109.49706  18.261794
 109.49704  18.261792
 109.49701  18.261790
 109.49699  18.261788
 109.49696  18.261786
 109.49694  18.261784
 109.49692  18.261782
 109.49689  18.261780
 109.49687  18.261778
 109.49684  18.261776
 109.49682  18.261774
 109.49680  18.261772
 109.49677  18.261770
 109.49675  18.261768
 109.49672  18.261766
 109.49670  18.261764
 109.49668  18.261762
 109.49665  18.261760
 109.49663  18.261758
 109.49660  18.261756
 109.49658  18.261754
 109.49656  18.261752
 109.49653  18.261750
 109.49651  18.261748
 109.49648  18.261746
 109.49646  18.261744
 109.49644  18.261742
 109.49641  18.261740
 109.49639  18.261738
 109.49636  18.261736
 109.49634  18.261734
 109.49632  18.261732
 109.49629  18.261730
 109.49627  18.261728
 109.49624  18.261726
 109.49622  18.261724
 109.49620  18.261722
 109.49617  18.261720
 109.49615  18.261718
 109.49612  18.261716
 109.49610  18.261714
 109.49608  18.261712
 109.49605  18.261710
 109.49603  18.261708
 109.49600  18.261706
 109.49598  18.261704
 109.49596  18.261702
 109.49593  18.261700
 109.49591  18.261698
