 109.50556  18.237625
 109.50557  18.237415
 109.50557  18.237205
 109.50558  18.236995
 109.50559  18.236785
 109.50560  18.236575
 109.50560  18.236365
 109.50561  18.236155
 109.50562  18.235945
 109.50562  18.235735
 109.50563  18.235525
 109.50564  18.235315
 109.50564  18.235105
 109.50565  18.234895
 109.50566  18.234685
 109.50566  18.234475
 109.50567  18.234265
 109.50568  18.234055
 109.50569  18.233845
 109.50569  18.233635
 109.50570  18.233425
 109.50571  18.233215
 109.50571  18.233005
 109.50572  18.232795
 109.50573  18.232585
 109.50574  18.232375
 109.50574  18.232165
 109.50575  18.231955
 109.50576  18.231745
 109.50576  18.231535
 109.50577  18.231325
 109.50578  18.231115
 109.50578  18.230905
 109.50579  18.230695
 109.50580  18.230485
 109.50581  18.230275
 109.50581  18.230065
 109.50582  18.229855
 109.50583  18.229645
 109.50583  18.229435
 109.50584  18.229225
 109.50585  18.229015
 109.50585  18.228805
 109.50586  18.228595
 109.50587  18.228385
 109.50588  18.228175
 109.50588  18.227965
 109.50589  18.227755
 109.50590  18.227545
 109.50590  18.227335
 109.50591  18.227125
 109.50592  18.226915
 109.50592  18.226705
 109.50593  18.226495
 109.50594  18.226285
 109.50595  18.226075
 109.50595  18.225865
 109.50596  18.225655
 109.50597  18.225445
 109.50597  18.225235
 109.50598  18.225025
 109.50599  18.224815
 109.50599  18.224605
 109.50600  18.224395
 109.50601  18.224185
 109.50602  18.223975
 109.50602  18.223765
 109.50603  18.223555
 109.50604  18.223345
 109.50604  18.223135
 109.50605  18.222925
 109.50606  18.222715
 109.50606  18.222505
 109.50607  18.222295
 109.50608  18.222085
 109.50609  18.221875
 109.50609  18.221665
 109.50610  18.221455
 109.50611  18.221245
 109.50611  18.221035
 109.50612  18.220825
 109.50613  18.220615
 109.50613  18.220405
 109.50614  18.220195
 109.50615  18.219985
 109.50616  18.219775
 109.50616  18.219565
 109.50617  18.219355
 109.50618  18.219145
 109.50618  18.218935
 109.50619  18.218725
 109.50620  18.218515
 109.50620  18.218305
 109.50621  18.218095
 109.50622  18.217885
 109.50623  18.217675
 109.50623  18.217465
 109.50624  18.217255
 109.50625  18.217045
 109.50625  18.216835
 109.50626  18.216625
 109.50627  18.216415
 109.50627  18.216205
 109.50628  18.215995
 109.50629  18.215785
 109.50629  18.215575
 109.50630  18.215365
 109.50631  18.215155
 109.50632  18.214945
 109.50632  18.214735
 109.50633  18.214525
 109.50634  18.214315
 109.50634  18.214105
 109.50635  18.213895
 109.50636  18.213685
 109.50637  18.213475
 109.50637  18.213265
 109.50638  18.213055
 109.50639  18.212845
 109.50639  18.212635
