 109.50235  18.253239
 109.50236  18.253325
 109.50237  18.253411
 109.50238  18.253497
 109.50239  18.253583
 109.50240  18.253669
 109.50241  18.253755
 109.50242  18.253841
 109.50243  18.253927
 109.50244  18.254013
 109.50245  18.254099
 109.50246  18.254185
 109.50247  18.254271
 109.50248  18.254357
 109.50249  18.254443
 109.50250  18.254529
 109.50251  18.254615
 109.50252  18.254701
 109.50253  18.254787
 109.50254  18.254873
 109.50255  18.254959
 109.50256  18.255045
 109.50257  18.255131
 109.50258  18.255217
 109.50259  18.255303
 109.50260  18.255389
 109.50261  18.255475
 109.50262  18.255561
 109.50263  18.255647
 109.50264  18.255733
 109.50265  18.255819
 109.50266  18.255905
 109.50267  18.255991
 109.50268  18.256077
 109.50269  18.256163
 109.50270  18.256249
 109.50271  18.256335
 109.50272  18.256421
 109.50273  18.256507
 109.50274  18.256593
 109.50275  18.256679
 109.50276  18.256765
 109.50277  18.256851
 109.50278  18.256937
 109.50279  18.257023
 109.50280  18.257109
 109.50281  18.257195
 109.50282  18.257281
 109.50283  18.257367
 109.50284  18.257453
 109.50285  18.257539
 109.50286  18.257625
 109.50287  18.257711
 109.50288  18.257797
 109.50289  18.257883
 109.50290  18.257969
 109.50291  18.258055
 109.50292  18.258141
 109.50293  18.258227
 109.50294  18.258313
 109.50295  18.258399
 109.50296  18.258485
 109.50297  18.258571
 109.50298  18.258657
 109.50299  18.258743
 109.50300  18.258829
 109.50301  18.258915
 109.50302  18.259001
 109.50303  18.259087
 109.50304  18.259173
 109.50305  18.259259
 109.50306  18.259345
 109.50307  18.259431
 109.50308  18.259517
 109.50309  18.259603
 109.50310  18.259689
 109.50311  18.259775
 109.50312  18.259861
 109.50313  18.259947
 109.50314  18.260033
 109.50315  18.260119
 109.50316  18.260205
 109.50317  18.260291
 109.50318  18.260377
 109.50319  18.260463
 109.50320  18.260549
 109.50321  18.260635
 109.50322  18.260721
 109.50323  18.260807
 109.50324  18.260893
 109.50325  18.260979
 109.50326  18.261065
 109.50327  18.261151
 109.50328  18.261237
 109.50329  18.261323
 109.50330  18.261409
 109.50331  18.261495
 109.50332  18.261581
 109.50333  18.261667
 109.50334  18.261753
 109.50335  18.261839
 109.50336  18.261925
 109.50337  18.262011
 109.50338  18.262097
 109.50339  18.262183
 109.50340  18.262269
 109.50341  18.262355
 109.50342  18.262441
 109.50343  18.262527
 109.50344  18.262613
 109.50345  18.262699
 109.50346  18.262785
 109.50347  18.262871
 109.50348  18.262957
 109.50349  18.263043
 109.50350  18.263129
 109.50351  18.263215
 109.50352  18.263301
 109.50353  18.263387
 109.50354  18.263473
