 109.49952  18.257214
 109.49951  18.257260
 109.49950  18.257306
 109.49949  18.257352
 109.49948  18.257398
 109.49947  18.257444
 109.49946  18.257490
 109.49945  18.257536
 109.49944  18.257582
 109.49943  18.257628
 109.49942  18.257674
 109.49941  18.257720
 109.49940  18.257766
 109.49939  18.257812
 109.49938  18.257858
 109.49937  18.257904
 109.49936  18.257950
 109.49935  18.257996
 109.49934  18.258042
 109.49933  18.258088
 109.49932  18.258134
 109.49931  18.258180
 109.49930  18.258226
 109.49929  18.258272
 109.49928  18.258318
 109.49927  18.258364
 109.49926  18.258410
 109.49925  18.258456
 109.49924  18.258502
 109.49923  18.258548
 109.49922  18.258594
 109.49921  18.258640
 109.49920  18.258686
 109.49919  18.258732
 109.49918  18.258778
 109.49917  18.258824
 109.49916  18.258870
 109.49915  18.258916
 109.49914  18.258962
 109.49913  18.259008
 109.49912  18.259054
 109.49911  18.259100
 109.49910  18.259146
 109.49909  18.259192
 109.49908  18.259238
 109.49907  18.259284
 109.49906  18.259330
 109.49905  18.259376
 109.49904  18.259422
 109.49903  18.259468
 109.49902  18.259514
 109.49901  18.259560
 109.49900  18.259606
 109.49899  18.259652
 109.49898  18.259698
 109.49897  18.259744
 109.49896  18.259790
 109.49895  18.259836
 109.49894  18.259882
 109.49893  18.259928
 109.49892  18.259974
 109.49891  18.260020
 109.49890  18.260066
 109.49889  18.260112
 109.49888  18.260158
 109.49887  18.260204
 109.49886  18.260250
 109.49885  18.260296
 109.49884  18.260342
 109.49883  18.260388
 109.49882  18.260434
 109.49881  18.260480
 109.49880  18.260526
 109.49879  18.260572
 109.49878  18.260618
 109.49877  18.260664
 109.49876  18.260710
 109.49875  18.260756
 109.49874  18.260802
 109.49873  18.260848
 109.49872  18.260894
 109.49871  18.260940
 109.49870  18.260986
 109.49869  18.261032
 109.49868  18.261078
 109.49867  18.261124
 109.49866  18.261170
 109.49865  18.261216
 109.49864  18.261262
 109.49863  18.261308
 109.49862  18.261354
 109.49861  18.261400
 109.49860  18.261446
 109.49859  18.261492
 109.49858  18.261538
 109.49857  18.261584
 109.49856  18.261630
 109.49855  18.261676
 109.49854  18.261722
 109.49853  18.261768
 109.49852  18.261814
 109.49851  18.261860
 109.49850  18.261906
 109.49849  18.261952
 109.49848  18.261998
 109.49847  18.262044
 109.49846  18.262090
 109.49845  18.262136
 109.49844  18.262182
 109.49843  18.262228
 109.49842  18.262274
 109.49841  18.262320
 109.49840  18.262366
 109.49839  18.262412
 109.49838  18.262458
 109.49837  18.262504
 109.49836  18.262550
 109.49835  18.262596
 109.49834  18.262642
 109.49833  18.262688
