 109.50132  18.253063
 109.50131  18.250395
 109.50130  18.247727
 109.50129  18.245059
 109.50128  18.242391
 109.50127  18.239723
 109.50126  18.237055
 109.50125  18.234387
 109.50124  18.231719
 109.50123  18.229051
 109.50122  18.226383
 109.50121  18.223715
 109.50120  18.221047
 109.50119  18.218379
 109.50118  18.215711
 109.50117  18.213043
 109.50116  18.210375
 109.50115  18.207707
 109.50114  18.205039
 109.50113  18.202371
 109.50112  18.199703
 109.50111  18.197035
 109.50110  18.194367
 109.50109  18.191699
 109.50108  18.189031
 109.50107  18.186363
 109.50106  18.183695
 109.50105  18.181027
 109.50104  18.178359
 109.50103  18.175691
 109.50102  18.173023
 109.50101  18.170355
 109.50100  18.167687
 109.50099  18.165019
 109.50098  18.162351
 109.50097  18.159683
 109.50096  18.157015
 109.50095  18.154347
 109.50094  18.151679
 109.50093  18.149011
 109.50092  18.146343
 109.50091  18.143675
 109.50090  18.141007
 109.50089  18.138339
 109.50088  18.135671
 109.50087  18.133003
 109.50086  18.130335
 109.50085  18.127667
 109.50084  18.124999
 109.50083  18.122331
 109.50082  18.119663
 109.50081  18.116995
 109.50080  18.114327
 109.50079  18.111659
 109.50078  18.108991
 109.50077  18.106323
 109.50076  18.103655
 109.50075  18.100987
 109.50074  18.098319
 109.50073  18.095651
 109.50072  18.092983
 109.50071  18.090315
 109.50070  18.087647
 109.50069  18.084979
 109.50068  18.082311
 109.50067  18.079643
 109.50066  18.076975
 109.50065  18.074307
 109.50064  18.071639
 109.50063  18.068971
 109.50062  18.066303
 109.50061  18.063635
 109.50060  18.060967
 109.50059  18.058299
 109.50058  18.055631
 109.50057  18.052963
 109.50056  18.050295
 109.50055  18.047627
 109.50054  18.044959
 109.50053  18.042291
 109.50052  18.039623
 109.50051  18.036955
 109.50050  18.034287
 109.50049  18.031619
 109.50048  18.028951
 109.50047  18.026283
 109.50046  18.023615
 109.50045  18.020947
 109.50044  18.018279
 109.50043  18.015611
 109.50042  18.012943
 109.50041  18.010275
 109.50040  18.007607
 109.50039  18.004939
 109.50038  18.002271
 109.50037  17.999603
 109.50036  17.996935
 109.50035  17.994267
 109.50034  17.991599
 109.50033  17.988931
 109.50032  17.986263
 109.50031  17.983595
 109.50030  17.980927
 109.50029  17.978259
 109.50028  17.975591
 109.50027  17.972923
 109.50026  17.970255
 109.50025  17.967587
 109.50024  17.964919
 109.50023  17.962251
 109.50022  17.959583
 109.50021  17.956915
 109.50020  17.954247
 109.50019  17.951579
 109.50018  17.948911
 109.50017  17.946243
 109.50016  17.943575
 109.50015  17.940907
 109.50014  17.938239
 109.50013  17.935571
