 109.50144  18.245289
 109.50144  18.245289
 109.50145  18.245290
 109.50145  18.245290
 109.50145  18.245290
 109.50145  18.245290
 109.50146  18.245291
 109.50146  18.245291
 109.50146  18.245291
 109.50147  18.245292
 109.50147  18.245292
 109.50147  18.245292
 109.50147  18.245293
 109.50148  18.245293
 109.50148  18.245293
 109.50148  18.245293
 109.50149  18.245294
 109.50149  18.245294
 109.50149  18.245294
 109.50150  18.245295
 109.50150  18.245295
 109.50150  18.245295
 109.50150  18.245296
 109.50151  18.245296
 109.50151  18.245296
 109.50151  18.245296
 109.50152  18.245297
 109.50152  18.245297
 109.50152  18.245297
 109.50152  18.245298
 109.50153  18.245298
 109.50153  18.245298
 109.50153  18.245299
 109.50154  18.245299
 109.50154  18.245299
 109.50154  18.245300
 109.50154  18.245300
 109.50155  18.245300
 109.50155  18.245300
 109.50155  18.245301
 109.50156  18.245301
 109.50156  18.245301
 109.50156  18.245302
 109.50156  18.245302
 109.50157  18.245302
 109.50157  18.245303
 109.50157  18.245303
 109.50158  18.245303
 109.50158  18.245303
 109.50158  18.245304
 109.50159  18.245304
 109.50159  18.245304
 109.50159  18.245305
 109.50159  18.245305
 109.50160  18.245305
 109.50160  18.245306
 109.50160  18.245306
 109.50161  18.245306
 109.50161  18.245306
 109.50161  18.245307
 109.50161  18.245307
 109.50162  18.245307
 109.50162  18.245308
 109.50162  18.245308
 109.50163  18.245308
 109.50163  18.245309
 109.50163  18.245309
 109.50163  18.245309
 109.50164  18.245309
 109.50164  18.245310
 109.50164  18.245310
 109.50165  18.245310
 109.50165  18.245311
 109.50165  18.245311
 109.50165  18.245311
 109.50166  18.245312
 109.50166  18.245312
 109.50166  18.245312
 109.50167  18.245312
 109.50167  18.245313
 109.50167  18.245313
 109.50167  18.245313
 109.50168  18.245314
 109.50168  18.245314
 109.50168  18.245314
 109.50169  18.245314
 109.50169  18.245315
 109.50169  18.245315
 109.50170  18.245315
 109.50170  18.245316
 109.50170  18.245316
 109.50170  18.245316
 109.50171  18.245317
 109.50171  18.245317
 109.50171  18.245317
 109.50172  18.245317
 109.50172  18.245318
 109.50172  18.245318
 109.50172  18.245318
 109.50173  18.245319
 109.50173  18.245319
 109.50173  18.245319
 109.50174  18.245320
 109.50174  18.245320
 109.50174  18.245320
 109.50174  18.245320
 109.50175  18.245321
 109.50175  18.245321
 109.50175  18.245321
 109.50176  18.245322
 109.50176  18.245322
 109.50176  18.245322
 109.50176  18.245323
 109.50177  18.245323
 109.50177  18.245323
 109.50177  18.245324
 109.50178  18.245324
 109.50178  18.245324
 109.50178  18.245324
 109.50179  18.245325
