 109.49813  18.250992
 109.49814  18.251006
 109.49816  18.251020
 109.49818  18.251034
 109.49819  18.251048
 109.49821  18.251062
 109.49822  18.251076
 109.49823  18.251090
 109.49825  18.251104
 109.49827  18.251118
 109.49828  18.251132
 109.49830  18.251146
 109.49831  18.251160
 109.49832  18.251174
 109.49834  18.251188
 109.49836  18.251202
 109.49837  18.251216
 109.49839  18.251230
 109.49840  18.251244
 109.49841  18.251258
 109.49843  18.251272
 109.49845  18.251286
 109.49846  18.251300
 109.49848  18.251314
 109.49849  18.251328
 109.49850  18.251342
 109.49852  18.251356
 109.49854  18.251370
 109.49855  18.251384
 109.49857  18.251398
 109.49858  18.251412
 109.49859  18.251426
 109.49861  18.251440
 109.49863  18.251454
 109.49864  18.251468
 109.49866  18.251482
 109.49867  18.251496
 109.49868  18.251510
 109.49870  18.251524
 109.49872  18.251538
 109.49873  18.251552
 109.49875  18.251566
 109.49876  18.251580
 109.49877  18.251594
 109.49879  18.251608
 109.49881  18.251622
 109.49882  18.251636
 109.49884  18.251650
 109.49885  18.251664
 109.49887  18.251678
 109.49888  18.251692
 109.49890  18.251706
 109.49891  18.251720
 109.49893  18.251734
 109.49894  18.251748
 109.49895  18.251762
 109.49897  18.251776
 109.49898  18.251790
 109.49900  18.251804
 109.49901  18.251818
 109.49903  18.251832
 109.49904  18.251846
 109.49906  18.251860
 109.49907  18.251874
 109.49909  18.251888
 109.49910  18.251902
 109.49912  18.251916
 109.49913  18.251930
 109.49915  18.251944
 109.49916  18.251958
 109.49918  18.251972
 109.49919  18.251986
 109.49921  18.252000
 109.49922  18.252014
 109.49924  18.252028
 109.49925  18.252042
 109.49927  18.252056
 109.49928  18.252070
 109.49930  18.252084
 109.49931  18.252098
 109.49933  18.252112
 109.49934  18.252126
 109.49936  18.252140
 109.49937  18.252154
 109.49939  18.252168
 109.49940  18.252182
 109.49942  18.252196
 109.49943  18.252210
 109.49945  18.252224
 109.49946  18.252238
 109.49948  18.252252
 109.49949  18.252266
 109.49951  18.252280
 109.49952  18.252294
 109.49954  18.252308
 109.49955  18.252322
 109.49957  18.252336
 109.49958  18.252350
 109.49960  18.252364
 109.49961  18.252378
 109.49963  18.252392
 109.49964  18.252406
 109.49966  18.252420
 109.49967  18.252434
 109.49969  18.252448
 109.49970  18.252462
 109.49972  18.252476
 109.49973  18.252490
 109.49975  18.252504
 109.49976  18.252518
 109.49978  18.252532
 109.49979  18.252546
 109.49981  18.252560
 109.49982  18.252574
 109.49984  18.252588
 109.49985  18.252602
 109.49987  18.252616
 109.49988  18.252630
 109.49990  18.252644
 109.49991  18.252658
