 109.49642  18.256227
 109.49641  18.256269
 109.49640  18.256311
 109.49639  18.256352
 109.49638  18.256394
 109.49637  18.256436
 109.49636  18.256478
 109.49635  18.256520
 109.49634  18.256561
 109.49633  18.256603
 109.49632  18.256645
 109.49631  18.256687
 109.49630  18.256729
 109.49629  18.256770
 109.49628  18.256812
 109.49627  18.256854
 109.49626  18.256896
 109.49625  18.256938
 109.49624  18.256979
 109.49623  18.257021
 109.49622  18.257063
 109.49621  18.257105
 109.49620  18.257147
 109.49619  18.257188
 109.49618  18.257230
 109.49617  18.257272
 109.49616  18.257314
 109.49615  18.257356
 109.49614  18.257397
 109.49613  18.257439
 109.49612  18.257481
 109.49611  18.257523
 109.49610  18.257565
 109.49609  18.257606
 109.49608  18.257648
 109.49607  18.257690
 109.49606  18.257732
 109.49605  18.257774
 109.49604  18.257815
 109.49603  18.257857
 109.49602  18.257899
 109.49601  18.257941
 109.49600  18.257983
 109.49599  18.258024
 109.49598  18.258066
 109.49597  18.258108
 109.49596  18.258150
 109.49595  18.258192
 109.49594  18.258233
 109.49593  18.258275
 109.49592  18.258317
 109.49591  18.258359
 109.49590  18.258401
 109.49589  18.258442
 109.49588  18.258484
 109.49587  18.258526
 109.49586  18.258568
 109.49585  18.258610
 109.49584  18.258651
 109.49583  18.258693
 109.49582  18.258735
 109.49581  18.258777
 109.49580  18.258819
 109.49579  18.258860
 109.49578  18.258902
 109.49577  18.258944
 109.49576  18.258986
 109.49575  18.259028
 109.49574  18.259069
 109.49573  18.259111
 109.49572  18.259153
 109.49571  18.259195
 109.49570  18.259237
 109.49569  18.259278
 109.49568  18.259320
 109.49567  18.259362
 109.49566  18.259404
 109.49565  18.259446
 109.49564  18.259487
 109.49563  18.259529
 109.49562  18.259571
 109.49561  18.259613
 109.49560  18.259655
 109.49559  18.259696
 109.49558  18.259738
 109.49557  18.259780
 109.49556  18.259822
 109.49555  18.259864
 109.49554  18.259905
 109.49553  18.259947
 109.49552  18.259989
 109.49551  18.260031
 109.49550  18.260073
 109.49549  18.260114
 109.49548  18.260156
 109.49547  18.260198
 109.49546  18.260240
 109.49545  18.260282
 109.49544  18.260323
 109.49543  18.260365
 109.49542  18.260407
 109.49541  18.260449
 109.49540  18.260491
 109.49539  18.260532
 109.49538  18.260574
 109.49537  18.260616
 109.49536  18.260658
 109.49535  18.260700
 109.49534  18.260741
 109.49533  18.260783
 109.49532  18.260825
 109.49531  18.260867
 109.49530  18.260909
 109.49529  18.260950
 109.49528  18.260992
 109.49527  18.261034
 109.49526  18.261076
 109.49525  18.261118
 109.49524  18.261159
 109.49523  18.261201
