 109.49733  18.247778
 109.49733  18.247765
 109.49733  18.247752
 109.49733  18.247739
 109.49733  18.247726
 109.49733  18.247713
 109.49733  18.247700
 109.49733  18.247687
 109.49733  18.247674
 109.49733  18.247661
 109.49733  18.247648
 109.49733  18.247635
 109.49733  18.247622
 109.49733  18.247609
 109.49733  18.247596
 109.49733  18.247583
 109.49733  18.247570
 109.49733  18.247557
 109.49733  18.247544
 109.49733  18.247531
 109.49733  18.247518
 109.49733  18.247505
 109.49733  18.247492
 109.49733  18.247479
 109.49733  18.247466
 109.49733  18.247453
 109.49733  18.247440
 109.49733  18.247427
 109.49733  18.247414
 109.49733  18.247401
 109.49733  18.247388
 109.49733  18.247375
 109.49733  18.247362
 109.49733  18.247349
 109.49733  18.247336
 109.49733  18.247323
 109.49733  18.247310
 109.49733  18.247297
 109.49733  18.247284
 109.49733  18.247271
 109.49733  18.247258
 109.49733  18.247245
 109.49733  18.247232
 109.49733  18.247219
 109.49733  18.247206
 109.49733  18.247193
 109.49733  18.247180
 109.49733  18.247167
 109.49733  18.247154
 109.49733  18.247141
 109.49733  18.247128
 109.49733  18.247115
 109.49733  18.247102
 109.49733  18.247089
 109.49733  18.247076
 109.49733  18.247063
 109.49733  18.247050
 109.49733  18.247037
 109.49733  18.247024
 109.49733  18.247011
 109.49733  18.246998
 109.49733  18.246985
 109.49733  18.246972
 109.49733  18.246959
 109.49733  18.246946
 109.49733  18.246933
 109.49733  18.246920
 109.49733  18.246907
 109.49733  18.246894
 109.49733  18.246881
 109.49733  18.246868
 109.49733  18.246855
 109.49733  18.246842
 109.49733  18.246829
 109.49733  18.246816
 109.49733  18.246803
 109.49733  18.246790
 109.49733  18.246777
 109.49733  18.246764
 109.49733  18.246751
 109.49733  18.246738
 109.49733  18.246725
 109.49733  18.246712
 109.49733  18.246699
 109.49733  18.246686
 109.49733  18.246673
 109.49733  18.246660
 109.49733  18.246647
 109.49733  18.246634
 109.49733  18.246621
 109.49733  18.246608
 109.49733  18.246595
 109.49733  18.246582
 109.49733  18.246569
 109.49733  18.246556
 109.49733  18.246543
 109.49733  18.246530
 109.49733  18.246517
 109.49733  18.246504
 109.49733  18.246491
 109.49733  18.246478
 109.49733  18.246465
 109.49733  18.246452
 109.49733  18.246439
 109.49733  18.246426
 109.49733  18.246413
 109.49733  18.246400
 109.49733  18.246387
 109.49733  18.246374
 109.49733  18.246361
 109.49733  18.246348
 109.49733  18.246335
 109.49733  18.246322
 109.49733  18.246309
 109.49733  18.246296
 109.49733  18.246283
 109.49733  18.246270
 109.49733  18.246257
 109.49733  18.246244
 109.49733  18.246231
