 109.50089  18.253044
 109.50088  18.253055
 109.50087  18.253066
 109.50086  18.253077
 109.50085  18.253088
 109.50084  18.253099
 109.50083  18.253110
 109.50082  18.253121
 109.50081  18.253132
 109.50080  18.253143
 109.50079  18.253154
 109.50078  18.253165
 109.50077  18.253176
 109.50076  18.253187
 109.50075  18.253198
 109.50074  18.253209
 109.50073  18.253220
 109.50072  18.253231
 109.50071  18.253242
 109.50070  18.253253
 109.50069  18.253264
 109.50068  18.253275
 109.50067  18.253286
 109.50066  18.253297
 109.50065  18.253308
 109.50064  18.253319
 109.50063  18.253330
 109.50062  18.253341
 109.50061  18.253352
 109.50060  18.253363
 109.50059  18.253374
 109.50058  18.253385
 109.50057  18.253396
 109.50056  18.253407
 109.50055  18.253418
 109.50054  18.253429
 109.50053  18.253440
 109.50052  18.253451
 109.50051  18.253462
 109.50050  18.253473
 109.50049  18.253484
 109.50048  18.253495
 109.50047  18.253506
 109.50046  18.253517
 109.50045  18.253528
 109.50044  18.253539
 109.50043  18.253550
 109.50042  18.253561
 109.50041  18.253572
 109.50040  18.253583
 109.50039  18.253594
 109.50038  18.253605
 109.50037  18.253616
 109.50036  18.253627
 109.50035  18.253638
 109.50034  18.253649
 109.50033  18.253660
 109.50032  18.253671
 109.50031  18.253682
 109.50030  18.253693
 109.50029  18.253704
 109.50028  18.253715
 109.50027  18.253726
 109.50026  18.253737
 109.50025  18.253748
 109.50024  18.253759
 109.50023  18.253770
 109.50022  18.253781
 109.50021  18.253792
 109.50020  18.253803
 109.50019  18.253814
 109.50018  18.253825
 109.50017  18.253836
 109.50016  18.253847
 109.50015  18.253858
 109.50014  18.253869
 109.50013  18.253880
 109.50012  18.253891
 109.50011  18.253902
 109.50010  18.253913
 109.50009  18.253924
 109.50008  18.253935
 109.50007  18.253946
 109.50006  18.253957
 109.50005  18.253968
 109.50004  18.253979
 109.50003  18.253990
 109.50002  18.254001
 109.50001  18.254012
 109.50000  18.254023
 109.49999  18.254034
 109.49998  18.254045
 109.49997  18.254056
 109.49996  18.254067
 109.49995  18.254078
 109.49994  18.254089
 109.49993  18.254100
 109.49992  18.254111
 109.49991  18.254122
 109.49990  18.254133
 109.49989  18.254144
 109.49988  18.254155
 109.49987  18.254166
 109.49986  18.254177
 109.49985  18.254188
 109.49984  18.254199
 109.49983  18.254210
 109.49982  18.254221
 109.49981  18.254232
 109.49980  18.254243
 109.49979  18.254254
 109.49978  18.254265
 109.49977  18.254276
 109.49976  18.254287
 109.49975  18.254298
 109.49974  18.254309
 109.49973  18.254320
 109.49972  18.254331
 109.49971  18.254342
 109.49970  18.254353
