 109.49966  18.256207
 109.49963  18.256216
 109.49960  18.256225
 109.49957  18.256234
 109.49954  18.256243
 109.49951  18.256252
 109.49948  18.256261
 109.49945  18.256270
 109.49942  18.256279
 109.49939  18.256288
 109.49936  18.256297
 109.49933  18.256306
 109.49930  18.256315
 109.49927  18.256324
 109.49924  18.256333
 109.49921  18.256342
 109.49918  18.256351
 109.49915  18.256360
 109.49912  18.256369
 109.49909  18.256378
 109.49906  18.256387
 109.49903  18.256396
 109.49900  18.256405
 109.49897  18.256414
 109.49894  18.256423
 109.49891  18.256432
 109.49888  18.256441
 109.49885  18.256450
 109.49882  18.256459
 109.49879  18.256468
 109.49876  18.256477
 109.49873  18.256486
 109.49870  18.256495
 109.49867  18.256504
 109.49864  18.256513
 109.49861  18.256522
 109.49858  18.256531
 109.49855  18.256540
 109.49852  18.256549
 109.49849  18.256558
 109.49846  18.256567
 109.49843  18.256576
 109.49840  18.256585
 109.49837  18.256594
 109.49834  18.256603
 109.49831  18.256612
 109.49828  18.256621
 109.49825  18.256630
 109.49822  18.256639
 109.49819  18.256648
 109.49816  18.256657
 109.49813  18.256666
 109.49810  18.256675
 109.49807  18.256684
 109.49804  18.256693
 109.49801  18.256702
 109.49798  18.256711
 109.49795  18.256720
 109.49792  18.256729
 109.49789  18.256738
 109.49786  18.256747
 109.49783  18.256756
 109.49780  18.256765
 109.49777  18.256774
 109.49774  18.256783
 109.49771  18.256792
 109.49768  18.256801
 109.49765  18.256810
 109.49762  18.256819
 109.49759  18.256828
 109.49756  18.256837
 109.49753  18.256846
 109.49750  18.256855
 109.49747  18.256864
 109.49744  18.256873
 109.49741  18.256882
 109.49738  18.256891
 109.49735  18.256900
 109.49732  18.256909
 109.49729  18.256918
 109.49726  18.256927
 109.49723  18.256936
 109.49720  18.256945
 109.49717  18.256954
 109.49714  18.256963
 109.49711  18.256972
 109.49708  18.256981
 109.49705  18.256990
 109.49702  18.256999
 109.49699  18.257008
 109.49696  18.257017
 109.49693  18.257026
 109.49690  18.257035
 109.49687  18.257044
 109.49684  18.257053
 109.49681  18.257062
 109.49678  18.257071
 109.49675  18.257080
 109.49672  18.257089
 109.49669  18.257098
 109.49666  18.257107
 109.49663  18.257116
 109.49660  18.257125
 109.49657  18.257134
 109.49654  18.257143
 109.49651  18.257152
 109.49648  18.257161
 109.49645  18.257170
 109.49642  18.257179
 109.49639  18.257188
 109.49636  18.257197
 109.49633  18.257206
 109.49630  18.257215
 109.49627  18.257224
 109.49624  18.257233
 109.49621  18.257242
 109.49618  18.257251
 109.49615  18.257260
 109.49612  18.257269
 109.49609  18.257278
