 109.50555  18.240942
 109.50555  18.240910
 109.50555  18.240878
 109.50556  18.240845
 109.50556  18.240813
 109.50556  18.240781
 109.50556  18.240749
 109.50557  18.240717
 109.50557  18.240684
 109.50557  18.240652
 109.50557  18.240620
 109.50557  18.240588
 109.50558  18.240556
 109.50558  18.240523
 109.50558  18.240491
 109.50558  18.240459
 109.50559  18.240427
 109.50559  18.240395
 109.50559  18.240362
 109.50559  18.240330
 109.50559  18.240298
 109.50560  18.240266
 109.50560  18.240234
 109.50560  18.240201
 109.50560  18.240169
 109.50561  18.240137
 109.50561  18.240105
 109.50561  18.240073
 109.50561  18.240040
 109.50561  18.240008
 109.50562  18.239976
 109.50562  18.239944
 109.50562  18.239912
 109.50562  18.239879
 109.50562  18.239847
 109.50563  18.239815
 109.50563  18.239783
 109.50563  18.239751
 109.50563  18.239718
 109.50564  18.239686
 109.50564  18.239654
 109.50564  18.239622
 109.50564  18.239590
 109.50564  18.239557
 109.50565  18.239525
 109.50565  18.239493
 109.50565  18.239461
 109.50565  18.239429
 109.50566  18.239396
 109.50566  18.239364
 109.50566  18.239332
 109.50566  18.239300
 109.50566  18.239268
 109.50567  18.239235
 109.50567  18.239203
 109.50567  18.239171
 109.50567  18.239139
 109.50568  18.239107
 109.50568  18.239074
 109.50568  18.239042
 109.50568  18.239010
 109.50568  18.238978
 109.50569  18.238946
 109.50569  18.238913
 109.50569  18.238881
 109.50569  18.238849
 109.50570  18.238817
 109.50570  18.238785
 109.50570  18.238752
 109.50570  18.238720
 109.50570  18.238688
 109.50571  18.238656
 109.50571  18.238624
 109.50571  18.238591
 109.50571  18.238559
 109.50572  18.238527
 109.50572  18.238495
 109.50572  18.238463
 109.50572  18.238430
 109.50572  18.238398
 109.50573  18.238366
 109.50573  18.238334
 109.50573  18.238302
 109.50573  18.238269
 109.50573  18.238237
 109.50574  18.238205
 109.50574  18.238173
 109.50574  18.238141
 109.50574  18.238108
 109.50575  18.238076
 109.50575  18.238044
 109.50575  18.238012
 109.50575  18.237980
 109.50575  18.237947
 109.50576  18.237915
 109.50576  18.237883
 109.50576  18.237851
 109.50576  18.237819
 109.50577  18.237786
 109.50577  18.237754
 109.50577  18.237722
 109.50577  18.237690
 109.50577  18.237658
 109.50578  18.237625
 109.50578  18.237593
 109.50578  18.237561
 109.50578  18.237529
 109.50579  18.237497
 109.50579  18.237464
 109.50579  18.237432
 109.50579  18.237400
 109.50579  18.237368
 109.50580  18.237336
 109.50580  18.237303
 109.50580  18.237271
 109.50580  18.237239
 109.50581  18.237207
 109.50581  18.237175
 109.50581  18.237142
 109.50581  18.237110
