 109.50449  18.253628
 109.50446  18.253601
 109.50443  18.253574
 109.50440  18.253547
 109.50437  18.253520
 109.50434  18.253494
 109.50431  18.253467
 109.50428  18.253440
 109.50425  18.253413
 109.50422  18.253386
 109.50419  18.253359
 109.50416  18.253332
 109.50413  18.253305
 109.50410  18.253278
 109.50407  18.253251
 109.50404  18.253225
 109.50401  18.253198
 109.50398  18.253171
 109.50395  18.253144
 109.50392  18.253117
 109.50389  18.253090
 109.50386  18.253063
 109.50383  18.253036
 109.50380  18.253009
 109.50377  18.252982
 109.50374  18.252955
 109.50371  18.252929
 109.50368  18.252902
 109.50365  18.252875
 109.50362  18.252848
 109.50359  18.252821
 109.50356  18.252794
 109.50353  18.252767
 109.50350  18.252740
 109.50347  18.252713
 109.50344  18.252687
 109.50341  18.252660
 109.50338  18.252633
 109.50335  18.252606
 109.50332  18.252579
 109.50329  18.252552
 109.50326  18.252525
 109.50323  18.252498
 109.50320  18.252471
 109.50317  18.252444
 109.50314  18.252418
 109.50311  18.252391
 109.50308  18.252364
 109.50305  18.252337
 109.50302  18.252310
 109.50299  18.252283
 109.50296  18.252256
 109.50293  18.252229
 109.50290  18.252202
 109.50287  18.252175
 109.50284  18.252149
 109.50281  18.252122
 109.50278  18.252095
 109.50275  18.252068
 109.50272  18.252041
 109.50269  18.252014
 109.50266  18.251987
 109.50263  18.251960
 109.50260  18.251933
 109.50257  18.251906
 109.50254  18.251880
 109.50251  18.251853
 109.50248  18.251826
 109.50245  18.251799
 109.50242  18.251772
 109.50239  18.251745
 109.50236  18.251718
 109.50233  18.251691
 109.50230  18.251664
 109.50227  18.251637
 109.50224  18.251611
 109.50221  18.251584
 109.50218  18.251557
 109.50215  18.251530
 109.50212  18.251503
 109.50209  18.251476
 109.50206  18.251449
 109.50203  18.251422
 109.50200  18.251395
 109.50197  18.251368
 109.50194  18.251342
 109.50191  18.251315
 109.50188  18.251288
 109.50185  18.251261
 109.50182  18.251234
 109.50179  18.251207
 109.50176  18.251180
 109.50173  18.251153
 109.50170  18.251126
 109.50167  18.251099
 109.50164  18.251073
 109.50161  18.251046
 109.50158  18.251019
 109.50155  18.250992
 109.50152  18.250965
 109.50149  18.250938
 109.50146  18.250911
 109.50143  18.250884
 109.50140  18.250857
 109.50137  18.250830
 109.50134  18.250804
 109.50131  18.250777
 109.50128  18.250750
 109.50125  18.250723
 109.50122  18.250696
 109.50119  18.250669
 109.50116  18.250642
 109.50113  18.250615
 109.50110  18.250588
 109.50107  18.250561
 109.50104  18.250535
 109.50101  18.250508
 109.50098  18.250481
 109.50095  18.250454
 109.50092  18.250427
