 109.49847  18.248062
 109.49846  18.248082
 109.49845  18.248102
 109.49845  18.248122
 109.49844  18.248142
 109.49843  18.248162
 109.49842  18.248182
 109.49841  18.248202
 109.49841  18.248222
 109.49840  18.248242
 109.49839  18.248262
 109.49838  18.248282
 109.49837  18.248302
 109.49837  18.248322
 109.49836  18.248342
 109.49835  18.248362
 109.49834  18.248382
 109.49833  18.248402
 109.49833  18.248422
 109.49832  18.248442
 109.49831  18.248462
 109.49830  18.248482
 109.49829  18.248502
 109.49829  18.248522
 109.49828  18.248542
 109.49827  18.248562
 109.49826  18.248582
 109.49825  18.248602
 109.49825  18.248622
 109.49824  18.248642
 109.49823  18.248662
 109.49822  18.248682
 109.49821  18.248702
 109.49821  18.248722
 109.49820  18.248742
 109.49819  18.248762
 109.49818  18.248782
 109.49817  18.248802
 109.49817  18.248822
 109.49816  18.248842
 109.49815  18.248862
 109.49814  18.248882
 109.49813  18.248902
 109.49813  18.248922
 109.49812  18.248942
 109.49811  18.248962
 109.49810  18.248982
 109.49809  18.249002
 109.49809  18.249022
 109.49808  18.249042
 109.49807  18.249062
 109.49806  18.249082
 109.49805  18.249102
 109.49805  18.249122
 109.49804  18.249142
 109.49803  18.249162
 109.49802  18.249182
 109.49801  18.249202
 109.49801  18.249222
 109.49800  18.249242
 109.49799  18.249262
 109.49798  18.249282
 109.49797  18.249302
 109.49797  18.249322
 109.49796  18.249342
 109.49795  18.249362
 109.49794  18.249382
 109.49793  18.249402
 109.49793  18.249422
 109.49792  18.249442
 109.49791  18.249462
 109.49790  18.249482
 109.49789  18.249502
 109.49789  18.249522
 109.49788  18.249542
 109.49787  18.249562
 109.49786  18.249582
 109.49785  18.249602
 109.49785  18.249622
 109.49784  18.249642
 109.49783  18.249662
 109.49782  18.249682
 109.49781  18.249702
 109.49781  18.249722
 109.49780  18.249742
 109.49779  18.249762
 109.49778  18.249782
 109.49777  18.249802
 109.49777  18.249822
 109.49776  18.249842
 109.49775  18.249862
 109.49774  18.249882
 109.49773  18.249902
 109.49773  18.249922
 109.49772  18.249942
 109.49771  18.249962
 109.49770  18.249982
 109.49769  18.250002
 109.49769  18.250022
 109.49768  18.250042
 109.49767  18.250062
 109.49766  18.250082
 109.49765  18.250102
 109.49765  18.250122
 109.49764  18.250142
 109.49763  18.250162
 109.49762  18.250182
 109.49761  18.250202
 109.49761  18.250222
 109.49760  18.250242
 109.49759  18.250262
 109.49758  18.250282
 109.49757  18.250302
 109.49757  18.250322
 109.49756  18.250342
 109.49755  18.250362
 109.49754  18.250382
 109.49753  18.250402
 109.49753  18.250422
 109.49752  18.250442
