 109.49797  18.247934
 109.49798  18.247974
 109.49799  18.248014
 109.49800  18.248053
 109.49801  18.248093
 109.49802  18.248133
 109.49803  18.248173
 109.49804  18.248213
 109.49805  18.248252
 109.49806  18.248292
 109.49807  18.248332
 109.49808  18.248372
 109.49809  18.248412
 109.49810  18.248451
 109.49811  18.248491
 109.49812  18.248531
 109.49813  18.248571
 109.49814  18.248611
 109.49815  18.248650
 109.49816  18.248690
 109.49817  18.248730
 109.49818  18.248770
 109.49819  18.248810
 109.49820  18.248849
 109.49821  18.248889
 109.49822  18.248929
 109.49823  18.248969
 109.49824  18.249009
 109.49825  18.249048
 109.49826  18.249088
 109.49827  18.249128
 109.49828  18.249168
 109.49829  18.249208
 109.49830  18.249247
 109.49831  18.249287
 109.49832  18.249327
 109.49833  18.249367
 109.49834  18.249407
 109.49835  18.249446
 109.49836  18.249486
 109.49837  18.249526
 109.49838  18.249566
 109.49839  18.249606
 109.49840  18.249645
 109.49841  18.249685
 109.49842  18.249725
 109.49843  18.249765
 109.49844  18.249805
 109.49845  18.249844
 109.49846  18.249884
 109.49847  18.249924
 109.49848  18.249964
 109.49849  18.250004
 109.49850  18.250043
 109.49851  18.250083
 109.49852  18.250123
 109.49853  18.250163
 109.49854  18.250203
 109.49855  18.250242
 109.49856  18.250282
 109.49857  18.250322
 109.49858  18.250362
 109.49859  18.250402
 109.49860  18.250441
 109.49861  18.250481
 109.49862  18.250521
 109.49863  18.250561
 109.49864  18.250601
 109.49865  18.250640
 109.49866  18.250680
 109.49867  18.250720
 109.49868  18.250760
 109.49869  18.250800
 109.49870  18.250839
 109.49871  18.250879
 109.49872  18.250919
 109.49873  18.250959
 109.49874  18.250999
 109.49875  18.251038
 109.49876  18.251078
 109.49877  18.251118
 109.49878  18.251158
 109.49879  18.251198
 109.49880  18.251237
 109.49881  18.251277
 109.49882  18.251317
 109.49883  18.251357
 109.49884  18.251397
 109.49885  18.251436
 109.49886  18.251476
 109.49887  18.251516
 109.49888  18.251556
 109.49889  18.251596
 109.49890  18.251635
 109.49891  18.251675
 109.49892  18.251715
 109.49893  18.251755
 109.49894  18.251795
 109.49895  18.251834
 109.49896  18.251874
 109.49897  18.251914
 109.49898  18.251954
 109.49899  18.251994
 109.49900  18.252033
 109.49901  18.252073
 109.49902  18.252113
 109.49903  18.252153
 109.49904  18.252193
 109.49905  18.252232
 109.49906  18.252272
 109.49907  18.252312
 109.49908  18.252352
 109.49909  18.252392
 109.49910  18.252431
 109.49911  18.252471
 109.49912  18.252511
 109.49913  18.252551
 109.49914  18.252591
 109.49915  18.252630
 109.49916  18.252670
