 109.50500  18.247374
 109.50498  18.248414
 109.50496  18.249454
 109.50494  18.250494
 109.50492  18.251534
 109.50490  18.252574
 109.50488  18.253614
 109.50486  18.254654
 109.50484  18.255694
 109.50482  18.256734
 109.50480  18.257774
 109.50478  18.258814
 109.50476  18.259854
 109.50474  18.260894
 109.50472  18.261934
 109.50470  18.262974
 109.50468  18.264014
 109.50466  18.265054
 109.50464  18.266094
 109.50462  18.267134
 109.50460  18.268174
 109.50458  18.269214
 109.50456  18.270254
 109.50454  18.271294
 109.50452  18.272334
 109.50450  18.273374
 109.50448  18.274414
 109.50446  18.275454
 109.50444  18.276494
 109.50442  18.277534
 109.50440  18.278574
 109.50438  18.279614
 109.50436  18.280654
 109.50434  18.281694
 109.50432  18.282734
 109.50430  18.283774
 109.50428  18.284814
 109.50426  18.285854
 109.50424  18.286894
 109.50422  18.287934
 109.50420  18.288974
 109.50418  18.290014
 109.50416  18.291054
 109.50414  18.292094
 109.50412  18.293134
 109.50410  18.294174
 109.50408  18.295214
 109.50406  18.296254
 109.50404  18.297294
 109.50402  18.298334
 109.50400  18.299374
 109.50398  18.300414
 109.50396  18.301454
 109.50394  18.302494
 109.50392  18.303534
 109.50390  18.304574
 109.50388  18.305614
 109.50386  18.306654
 109.50384  18.307694
 109.50382  18.308734
 109.50380  18.309774
 109.50378  18.310814
 109.50376  18.311854
 109.50374  18.312894
 109.50372  18.313934
 109.50370  18.314974
 109.50368  18.316014
 109.50366  18.317054
 109.50364  18.318094
 109.50362  18.319134
 109.50360  18.320174
 109.50358  18.321214
 109.50356  18.322254
 109.50354  18.323294
 109.50352  18.324334
 109.50350  18.325374
 109.50348  18.326414
 109.50346  18.327454
 109.50344  18.328494
 109.50342  18.329534
 109.50340  18.330574
 109.50338  18.331614
 109.50336  18.332654
 109.50334  18.333694
 109.50332  18.334734
 109.50330  18.335774
 109.50328  18.336814
 109.50326  18.337854
 109.50324  18.338894
 109.50322  18.339934
 109.50320  18.340974
 109.50318  18.342014
 109.50316  18.343054
 109.50314  18.344094
 109.50312  18.345134
 109.50310  18.346174
 109.50308  18.347214
 109.50306  18.348254
 109.50304  18.349294
 109.50302  18.350334
 109.50300  18.351374
 109.50298  18.352414
 109.50296  18.353454
 109.50294  18.354494
 109.50292  18.355534
 109.50290  18.356574
 109.50288  18.357614
 109.50286  18.358654
 109.50284  18.359694
 109.50282  18.360734
 109.50280  18.361774
 109.50278  18.362814
 109.50276  18.363854
 109.50274  18.364894
 109.50272  18.365934
 109.50270  18.366974
 109.50268  18.368014
 109.50266  18.369054
 109.50264  18.370094
 109.50262  18.371134
