 109.49982  18.255238
 109.49928  18.255219
 109.49875  18.255200
 109.49821  18.255181
 109.49768  18.255162
 109.49714  18.255143
 109.49660  18.255124
 109.49607  18.255105
 109.49553  18.255086
 109.49499  18.255067
 109.49446  18.255048
 109.49392  18.255029
 109.49339  18.255010
 109.49285  18.254991
 109.49231  18.254972
 109.49178  18.254953
 109.49124  18.254934
 109.49070  18.254915
 109.49017  18.254896
 109.48963  18.254877
 109.48910  18.254858
 109.48856  18.254839
 109.48802  18.254820
 109.48749  18.254801
 109.48695  18.254782
 109.48641  18.254763
 109.48588  18.254744
 109.48534  18.254725
 109.48481  18.254706
 109.48427  18.254687
 109.48373  18.254668
 109.48320  18.254649
 109.48266  18.254630
 109.48213  18.254611
 109.48159  18.254592
 109.48105  18.254573
 109.48052  18.254554
 109.47998  18.254535
 109.47944  18.254516
 109.47891  18.254497
 109.47837  18.254478
 109.47784  18.254459
 109.47730  18.254440
 109.47676  18.254421
 109.47623  18.254402
 109.47569  18.254383
 109.47515  18.254364
 109.47462  18.254345
 109.47408  18.254326
 109.47355  18.254307
 109.47301  18.254288
 109.47247  18.254269
 109.47194  18.254250
 109.47140  18.254231
 109.47087  18.254212
 109.47033  18.254193
 109.46979  18.254174
 109.46926  18.254155
 109.46872  18.254136
 109.46818  18.254117
 109.46765  18.254098
 109.46711  18.254079
 109.46658  18.254060
 109.46604  18.254041
 109.46550  18.254022
 109.46497  18.254003
 109.46443  18.253984
 109.46389  18.253965
 109.46336  18.253946
 109.46282  18.253927
 109.46229  18.253908
 109.46175  18.253889
 109.46121  18.253870
 109.46068  18.253851
 109.46014  18.253832
 109.45961  18.253813
 109.45907  18.253794
 109.45853  18.253775
 109.45800  18.253756
 109.45746  18.253737
 109.45692  18.253718
 109.45639  18.253699
 109.45585  18.253680
 109.45532  18.253661
 109.45478  18.253642
 109.45424  18.253623
 109.45371  18.253604
 109.45317  18.253585
 109.45263  18.253566
 109.45210  18.253547
 109.45156  18.253528
 109.45103  18.253509
 109.45049  18.253490
 109.44995  18.253471
 109.44942  18.253452
 109.44888  18.253433
 109.44834  18.253414
 109.44781  18.253395
 109.44727  18.253376
 109.44674  18.253357
 109.44620  18.253338
 109.44566  18.253319
 109.44513  18.253300
 109.44459  18.253281
 109.44406  18.253262
 109.44352  18.253243
 109.44298  18.253224
 109.44245  18.253205
 109.44191  18.253186
 109.44137  18.253167
 109.44084  18.253148
 109.44030  18.253129
 109.43977  18.253110
 109.43923  18.253091
 109.43869  18.253072
 109.43816  18.253053
 109.43762  18.253034
 109.43708  18.253015
 109.43655  18.252996
 109.43601  18.252977
