 109.50039  18.253176
 109.50038  18.253199
 109.50038  18.253221
 109.50038  18.253244
 109.50037  18.253267
 109.50037  18.253290
 109.50036  18.253312
 109.50036  18.253335
 109.50035  18.253358
 109.50035  18.253380
 109.50034  18.253403
 109.50034  18.253426
 109.50033  18.253448
 109.50033  18.253471
 109.50032  18.253494
 109.50032  18.253517
 109.50031  18.253539
 109.50031  18.253562
 109.50030  18.253585
 109.50029  18.253607
 109.50029  18.253630
 109.50029  18.253653
 109.50028  18.253675
 109.50028  18.253698
 109.50027  18.253721
 109.50027  18.253743
 109.50026  18.253766
 109.50026  18.253789
 109.50025  18.253812
 109.50025  18.253834
 109.50024  18.253857
 109.50024  18.253880
 109.50023  18.253902
 109.50023  18.253925
 109.50022  18.253948
 109.50022  18.253971
 109.50021  18.253993
 109.50020  18.254016
 109.50020  18.254039
 109.50020  18.254061
 109.50019  18.254084
 109.50019  18.254107
 109.50018  18.254129
 109.50018  18.254152
 109.50017  18.254175
 109.50017  18.254197
 109.50016  18.254220
 109.50016  18.254243
 109.50015  18.254266
 109.50015  18.254288
 109.50014  18.254311
 109.50014  18.254334
 109.50013  18.254356
 109.50013  18.254379
 109.50012  18.254402
 109.50011  18.254424
 109.50011  18.254447
 109.50011  18.254470
 109.50010  18.254493
 109.50010  18.254515
 109.50009  18.254538
 109.50009  18.254561
 109.50008  18.254583
 109.50008  18.254606
 109.50007  18.254629
 109.50007  18.254651
 109.50006  18.254674
 109.50006  18.254697
 109.50005  18.254720
 109.50005  18.254742
 109.50004  18.254765
 109.50004  18.254788
 109.50003  18.254810
 109.50002  18.254833
 109.50002  18.254856
 109.50002  18.254878
 109.50001  18.254901
 109.50001  18.254924
 109.50000  18.254947
 109.50000  18.254969
 109.49999  18.254992
 109.49999  18.255015
 109.49998  18.255037
 109.49998  18.255060
 109.49997  18.255083
 109.49997  18.255105
 109.49996  18.255128
 109.49996  18.255151
 109.49995  18.255174
 109.49995  18.255196
 109.49994  18.255219
 109.49993  18.255242
 109.49993  18.255264
 109.49993  18.255287
 109.49992  18.255310
 109.49992  18.255332
 109.49991  18.255355
 109.49991  18.255378
 109.49990  18.255401
 109.49990  18.255423
 109.49989  18.255446
 109.49989  18.255469
 109.49988  18.255491
 109.49988  18.255514
 109.49987  18.255537
 109.49987  18.255559
 109.49986  18.255582
 109.49986  18.255605
 109.49985  18.255628
 109.49984  18.255650
 109.49984  18.255673
 109.49984  18.255696
 109.49983  18.255718
 109.49983  18.255741
 109.49982  18.255764
 109.49982  18.255786
 109.49981  18.255809
 109.49980  18.255832
 109.49980  18.255855
 109.49980  18.255877
