 109.50105  18.248615
 109.50108  18.248665
 109.50111  18.248715
 109.50114  18.248765
 109.50117  18.248815
 109.50120  18.248865
 109.50123  18.248915
 109.50126  18.248965
 109.50129  18.249015
 109.50132  18.249065
 109.50135  18.249115
 109.50138  18.249165
 109.50141  18.249215
 109.50144  18.249265
 109.50147  18.249315
 109.50150  18.249365
 109.50153  18.249415
 109.50156  18.249465
 109.50159  18.249515
 109.50162  18.249565
 109.50165  18.249615
 109.50168  18.249665
 109.50171  18.249715
 109.50174  18.249765
 109.50177  18.249815
 109.50180  18.249865
 109.50183  18.249915
 109.50186  18.249965
 109.50189  18.250015
 109.50192  18.250065
 109.50195  18.250115
 109.50198  18.250165
 109.50201  18.250215
 109.50204  18.250265
 109.50207  18.250315
 109.50210  18.250365
 109.50213  18.250415
 109.50216  18.250465
 109.50219  18.250515
 109.50222  18.250565
 109.50225  18.250615
 109.50228  18.250665
 109.50231  18.250715
 109.50234  18.250765
 109.50237  18.250815
 109.50240  18.250865
 109.50243  18.250915
 109.50246  18.250965
 109.50249  18.251015
 109.50252  18.251065
 109.50255  18.251115
 109.50258  18.251165
 109.50261  18.251215
 109.50264  18.251265
 109.50267  18.251315
 109.50270  18.251365
 109.50273  18.251415
 109.50276  18.251465
 109.50279  18.251515
 109.50282  18.251565
 109.50285  18.251615
 109.50288  18.251665
 109.50291  18.251715
 109.50294  18.251765
 109.50297  18.251815
 109.50300  18.251865
 109.50303  18.251915
 109.50306  18.251965
 109.50309  18.252015
 109.50312  18.252065
 109.50315  18.252115
 109.50318  18.252165
 109.50321  18.252215
 109.50324  18.252265
 109.50327  18.252315
 109.50330  18.252365
 109.50333  18.252415
 109.50336  18.252465
 109.50339  18.252515
 109.50342  18.252565
 109.50345  18.252615
 109.50348  18.252665
 109.50351  18.252715
 109.50354  18.252765
 109.50357  18.252815
 109.50360  18.252865
 109.50363  18.252915
 109.50366  18.252965
 109.50369  18.253015
 109.50372  18.253065
 109.50375  18.253115
 109.50378  18.253165
 109.50381  18.253215
 109.50384  18.253265
 109.50387  18.253315
 109.50390  18.253365
 109.50393  18.253415
 109.50396  18.253465
 109.50399  18.253515
 109.50402  18.253565
 109.50405  18.253615
 109.50408  18.253665
 109.50411  18.253715
 109.50414  18.253765
 109.50417  18.253815
 109.50420  18.253865
 109.50423  18.253915
 109.50426  18.253965
 109.50429  18.254015
 109.50432  18.254065
 109.50435  18.254115
 109.50438  18.254165
 109.50441  18.254215
 109.50444  18.254265
 109.50447  18.254315
 109.50450  18.254365
 109.50453  18.254415
 109.50456  18.254465
 109.50459  18.254515
 109.50462  18.254565
