 109.50551  18.241634
 109.50551  18.241584
 109.50552  18.241534
 109.50552  18.241484
 109.50552  18.241434
 109.50553  18.241384
 109.50553  18.241334
 109.50553  18.241284
 109.50553  18.241234
 109.50554  18.241184
 109.50554  18.241134
 109.50554  18.241084
 109.50555  18.241034
 109.50555  18.240984
 109.50555  18.240934
 109.50556  18.240884
 109.50556  18.240834
 109.50556  18.240784
 109.50556  18.240734
 109.50557  18.240684
 109.50557  18.240634
 109.50557  18.240584
 109.50558  18.240534
 109.50558  18.240484
 109.50558  18.240434
 109.50559  18.240384
 109.50559  18.240334
 109.50559  18.240284
 109.50559  18.240234
 109.50560  18.240184
 109.50560  18.240134
 109.50560  18.240084
 109.50561  18.240034
 109.50561  18.239984
 109.50561  18.239934
 109.50562  18.239884
 109.50562  18.239834
 109.50562  18.239784
 109.50562  18.239734
 109.50563  18.239684
 109.50563  18.239634
 109.50563  18.239584
 109.50564  18.239534
 109.50564  18.239484
 109.50564  18.239434
 109.50565  18.239384
 109.50565  18.239334
 109.50565  18.239284
 109.50565  18.239234
 109.50566  18.239184
 109.50566  18.239134
 109.50566  18.239084
 109.50567  18.239034
 109.50567  18.238984
 109.50567  18.238934
 109.50568  18.238884
 109.50568  18.238834
 109.50568  18.238784
 109.50568  18.238734
 109.50569  18.238684
 109.50569  18.238634
 109.50569  18.238584
 109.50570  18.238534
 109.50570  18.238484
 109.50570  18.238434
 109.50571  18.238384
 109.50571  18.238334
 109.50571  18.238284
 109.50571  18.238234
 109.50572  18.238184
 109.50572  18.238134
 109.50572  18.238084
 109.50573  18.238034
 109.50573  18.237984
 109.50573  18.237934
 109.50573  18.237884
 109.50574  18.237834
 109.50574  18.237784
 109.50574  18.237734
 109.50575  18.237684
 109.50575  18.237634
 109.50575  18.237584
 109.50576  18.237534
 109.50576  18.237484
 109.50576  18.237434
 109.50576  18.237384
 109.50577  18.237334
 109.50577  18.237284
 109.50577  18.237234
 109.50578  18.237184
 109.50578  18.237134
 109.50578  18.237084
 109.50579  18.237034
 109.50579  18.236984
 109.50579  18.236934
 109.50579  18.236884
 109.50580  18.236834
 109.50580  18.236784
 109.50580  18.236734
 109.50581  18.236684
 109.50581  18.236634
 109.50581  18.236584
 109.50582  18.236534
 109.50582  18.236484
 109.50582  18.236434
 109.50582  18.236384
 109.50583  18.236334
 109.50583  18.236284
 109.50583  18.236234
 109.50584  18.236184
 109.50584  18.236134
 109.50584  18.236084
 109.50585  18.236034
 109.50585  18.235984
 109.50585  18.235934
 109.50585  18.235884
 109.50586  18.235834
 109.50586  18.235784
 109.50586  18.235734
 109.50587  18.235684
