 109.49944  18.246016
 109.49950  18.246015
 109.49956  18.246014
 109.49962  18.246013
 109.49968  18.246012
 109.49974  18.246011
 109.49980  18.246010
 109.49986  18.246009
 109.49992  18.246008
 109.49998  18.246007
 109.50004  18.246006
 109.50010  18.246005
 109.50016  18.246004
 109.50022  18.246003
 109.50028  18.246002
 109.50034  18.246001
 109.50040  18.246000
 109.50046  18.245999
 109.50052  18.245998
 109.50058  18.245997
 109.50064  18.245996
 109.50070  18.245995
 109.50076  18.245994
 109.50082  18.245993
 109.50088  18.245992
 109.50094  18.245991
 109.50100  18.245990
 109.50106  18.245989
 109.50112  18.245988
 109.50118  18.245987
 109.50124  18.245986
 109.50130  18.245985
 109.50136  18.245984
 109.50142  18.245983
 109.50148  18.245982
 109.50154  18.245981
 109.50160  18.245980
 109.50166  18.245979
 109.50172  18.245978
 109.50178  18.245977
 109.50184  18.245976
 109.50190  18.245975
 109.50196  18.245974
 109.50202  18.245973
 109.50208  18.245972
 109.50214  18.245971
 109.50220  18.245970
 109.50226  18.245969
 109.50232  18.245968
 109.50238  18.245967
 109.50244  18.245966
 109.50250  18.245965
 109.50256  18.245964
 109.50262  18.245963
 109.50268  18.245962
 109.50274  18.245961
 109.50280  18.245960
 109.50286  18.245959
 109.50292  18.245958
 109.50298  18.245957
 109.50304  18.245956
 109.50310  18.245955
 109.50316  18.245954
 109.50322  18.245953
 109.50328  18.245952
 109.50334  18.245951
 109.50340  18.245950
 109.50346  18.245949
 109.50352  18.245948
 109.50358  18.245947
 109.50364  18.245946
 109.50370  18.245945
 109.50376  18.245944
 109.50382  18.245943
 109.50388  18.245942
 109.50394  18.245941
 109.50400  18.245940
 109.50406  18.245939
 109.50412  18.245938
 109.50418  18.245937
 109.50424  18.245936
 109.50430  18.245935
 109.50436  18.245934
 109.50442  18.245933
 109.50448  18.245932
 109.50454  18.245931
 109.50460  18.245930
 109.50466  18.245929
 109.50472  18.245928
 109.50478  18.245927
 109.50484  18.245926
 109.50490  18.245925
 109.50496  18.245924
 109.50502  18.245923
 109.50508  18.245922
 109.50514  18.245921
 109.50520  18.245920
 109.50526  18.245919
 109.50532  18.245918
 109.50538  18.245917
 109.50544  18.245916
 109.50550  18.245915
 109.50556  18.245914
 109.50562  18.245913
 109.50568  18.245912
 109.50574  18.245911
 109.50580  18.245910
 109.50586  18.245909
 109.50592  18.245908
 109.50598  18.245907
 109.50604  18.245906
 109.50610  18.245905
 109.50616  18.245904
 109.50622  18.245903
 109.50628  18.245902
 109.50634  18.245901
 109.50640  18.245900
 109.50646  18.245899
 109.50652  18.245898
 109.50658  18.245897
