 109.49883  18.260752
 109.49881  18.260802
 109.49879  18.260852
 109.49877  18.260902
 109.49875  18.260952
 109.49872  18.261002
 109.49871  18.261052
 109.49868  18.261102
 109.49867  18.261152
 109.49865  18.261202
 109.49863  18.261252
 109.49861  18.261302
 109.49859  18.261352
 109.49857  18.261402
 109.49854  18.261452
 109.49853  18.261502
 109.49850  18.261552
 109.49849  18.261602
 109.49847  18.261652
 109.49845  18.261702
 109.49843  18.261752
 109.49841  18.261802
 109.49839  18.261852
 109.49837  18.261902
 109.49835  18.261952
 109.49832  18.262002
 109.49831  18.262052
 109.49829  18.262102
 109.49827  18.262152
 109.49825  18.262202
 109.49823  18.262252
 109.49821  18.262302
 109.49819  18.262352
 109.49817  18.262402
 109.49814  18.262452
 109.49813  18.262502
 109.49811  18.262552
 109.49809  18.262602
 109.49807  18.262652
 109.49805  18.262702
 109.49803  18.262752
 109.49801  18.262802
 109.49799  18.262852
 109.49796  18.262902
 109.49795  18.262952
 109.49793  18.263002
 109.49791  18.263052
 109.49789  18.263102
 109.49787  18.263152
 109.49785  18.263202
 109.49783  18.263252
 109.49781  18.263302
 109.49778  18.263352
 109.49777  18.263402
 109.49774  18.263452
 109.49773  18.263502
 109.49771  18.263552
 109.49769  18.263602
 109.49767  18.263652
 109.49765  18.263702
 109.49763  18.263752
 109.49760  18.263802
 109.49759  18.263852
 109.49756  18.263902
 109.49755  18.263952
 109.49753  18.264002
 109.49751  18.264052
 109.49749  18.264102
 109.49747  18.264152
 109.49745  18.264202
 109.49743  18.264252
 109.49741  18.264302
 109.49739  18.264352
 109.49737  18.264402
 109.49735  18.264452
 109.49733  18.264502
 109.49731  18.264552
 109.49729  18.264602
 109.49727  18.264652
 109.49725  18.264702
 109.49723  18.264752
 109.49721  18.264802
 109.49719  18.264852
 109.49717  18.264902
 109.49715  18.264952
 109.49713  18.265002
 109.49711  18.265052
 109.49709  18.265102
 109.49707  18.265152
 109.49705  18.265202
 109.49703  18.265252
 109.49701  18.265302
 109.49699  18.265352
 109.49697  18.265402
 109.49695  18.265452
 109.49693  18.265502
 109.49691  18.265552
 109.49689  18.265602
 109.49687  18.265652
 109.49685  18.265702
 109.49683  18.265752
 109.49681  18.265802
 109.49679  18.265852
 109.49677  18.265902
 109.49675  18.265952
 109.49673  18.266002
 109.49671  18.266052
 109.49669  18.266102
 109.49667  18.266152
 109.49665  18.266202
 109.49663  18.266252
 109.49661  18.266302
 109.49659  18.266352
 109.49657  18.266402
 109.49655  18.266452
 109.49653  18.266502
 109.49651  18.266552
 109.49649  18.266602
 109.49647  18.266652
 109.49645  18.266702
