 109.50420  18.253717
 109.50421  18.253712
 109.50423  18.253707
 109.50424  18.253702
 109.50425  18.253697
 109.50427  18.253692
 109.50428  18.253687
 109.50429  18.253682
 109.50430  18.253677
 109.50432  18.253672
 109.50433  18.253667
 109.50434  18.253662
 109.50436  18.253657
 109.50437  18.253652
 109.50438  18.253647
 109.50440  18.253642
 109.50441  18.253637
 109.50442  18.253632
 109.50443  18.253627
 109.50445  18.253622
 109.50446  18.253617
 109.50447  18.253612
 109.50449  18.253607
 109.50450  18.253602
 109.50451  18.253597
 109.50453  18.253592
 109.50454  18.253587
 109.50455  18.253582
 109.50456  18.253577
 109.50458  18.253572
 109.50459  18.253567
 109.50460  18.253562
 109.50462  18.253557
 109.50463  18.253552
 109.50464  18.253547
 109.50466  18.253542
 109.50467  18.253537
 109.50468  18.253532
 109.50469  18.253527
 109.50471  18.253522
 109.50472  18.253517
 109.50473  18.253512
 109.50475  18.253507
 109.50476  18.253502
 109.50477  18.253497
 109.50479  18.253492
 109.50480  18.253487
 109.50481  18.253482
 109.50482  18.253477
 109.50484  18.253472
 109.50485  18.253467
 109.50486  18.253462
 109.50488  18.253457
 109.50489  18.253452
 109.50490  18.253447
 109.50492  18.253442
 109.50493  18.253437
 109.50494  18.253432
 109.50495  18.253427
 109.50497  18.253422
 109.50498  18.253417
 109.50499  18.253412
 109.50501  18.253407
 109.50502  18.253402
 109.50503  18.253397
 109.50505  18.253392
 109.50506  18.253387
 109.50507  18.253382
 109.50508  18.253377
 109.50510  18.253372
 109.50511  18.253367
 109.50512  18.253362
 109.50514  18.253357
 109.50515  18.253352
 109.50516  18.253347
 109.50517  18.253342
 109.50519  18.253337
 109.50520  18.253332
 109.50521  18.253327
 109.50523  18.253322
 109.50524  18.253317
 109.50525  18.253312
 109.50527  18.253307
 109.50528  18.253302
 109.50529  18.253297
 109.50531  18.253292
 109.50532  18.253287
 109.50533  18.253282
 109.50534  18.253277
 109.50536  18.253272
 109.50537  18.253267
 109.50538  18.253262
 109.50540  18.253257
 109.50541  18.253252
 109.50542  18.253247
 109.50544  18.253242
 109.50545  18.253237
 109.50546  18.253232
 109.50547  18.253227
 109.50549  18.253222
 109.50550  18.253217
 109.50551  18.253212
 109.50553  18.253207
 109.50554  18.253202
 109.50555  18.253197
 109.50557  18.253192
 109.50558  18.253187
 109.50559  18.253182
 109.50560  18.253177
 109.50562  18.253172
 109.50563  18.253167
 109.50564  18.253162
 109.50566  18.253157
 109.50567  18.253152
 109.50568  18.253147
 109.50569  18.253142
 109.50571  18.253137
 109.50572  18.253132
 109.50573  18.253127
 109.50575  18.253122
