 109.49984  18.255514
 109.49985  18.255482
 109.49986  18.255449
 109.49987  18.255417
 109.49988  18.255384
 109.49989  18.255352
 109.49990  18.255320
 109.49991  18.255287
 109.49992  18.255255
 109.49993  18.255222
 109.49994  18.255190
 109.49995  18.255158
 109.49996  18.255125
 109.49997  18.255093
 109.49998  18.255060
 109.49999  18.255028
 109.50000  18.254996
 109.50001  18.254963
 109.50002  18.254931
 109.50003  18.254898
 109.50004  18.254866
 109.50005  18.254834
 109.50006  18.254801
 109.50007  18.254769
 109.50008  18.254736
 109.50009  18.254704
 109.50010  18.254672
 109.50011  18.254639
 109.50012  18.254607
 109.50013  18.254574
 109.50014  18.254542
 109.50015  18.254510
 109.50016  18.254477
 109.50017  18.254445
 109.50018  18.254412
 109.50019  18.254380
 109.50020  18.254348
 109.50021  18.254315
 109.50022  18.254283
 109.50023  18.254250
 109.50024  18.254218
 109.50025  18.254186
 109.50026  18.254153
 109.50027  18.254121
 109.50028  18.254088
 109.50029  18.254056
 109.50030  18.254024
 109.50031  18.253991
 109.50032  18.253959
 109.50033  18.253926
 109.50034  18.253894
 109.50035  18.253862
 109.50036  18.253829
 109.50037  18.253797
 109.50038  18.253764
 109.50039  18.253732
 109.50040  18.253700
 109.50041  18.253667
 109.50042  18.253635
 109.50043  18.253602
 109.50044  18.253570
 109.50045  18.253538
 109.50046  18.253505
 109.50047  18.253473
 109.50048  18.253440
 109.50049  18.253408
 109.50050  18.253376
 109.50051  18.253343
 109.50052  18.253311
 109.50053  18.253278
 109.50054  18.253246
 109.50055  18.253214
 109.50056  18.253181
 109.50057  18.253149
 109.50058  18.253116
 109.50059  18.253084
 109.50060  18.253052
 109.50061  18.253019
 109.50062  18.252987
 109.50063  18.252954
 109.50064  18.252922
 109.50065  18.252890
 109.50066  18.252857
 109.50067  18.252825
 109.50068  18.252792
 109.50069  18.252760
 109.50070  18.252728
 109.50071  18.252695
 109.50072  18.252663
 109.50073  18.252630
 109.50074  18.252598
 109.50075  18.252566
 109.50076  18.252533
 109.50077  18.252501
 109.50078  18.252468
 109.50079  18.252436
 109.50080  18.252404
 109.50081  18.252371
 109.50082  18.252339
 109.50083  18.252306
 109.50084  18.252274
 109.50085  18.252242
 109.50086  18.252209
 109.50087  18.252177
 109.50088  18.252144
 109.50089  18.252112
 109.50090  18.252080
 109.50091  18.252047
 109.50092  18.252015
 109.50093  18.251982
 109.50094  18.251950
 109.50095  18.251918
 109.50096  18.251885
 109.50097  18.251853
 109.50098  18.251820
 109.50099  18.251788
 109.50100  18.251756
 109.50101  18.251723
 109.50102  18.251691
 109.50103  18.251658
