 109.50504  18.246334
 109.50504  18.246335
 109.50504  18.246336
 109.50504  18.246337
 109.50504  18.246338
 109.50504  18.246339
 109.50504  18.246340
 109.50504  18.246341
 109.50504  18.246342
 109.50504  18.246343
 109.50504  18.246344
 109.50504  18.246345
 109.50504  18.246346
 109.50504  18.246347
 109.50504  18.246348
 109.50504  18.246349
 109.50504  18.246350
 109.50504  18.246351
 109.50504  18.246352
 109.50504  18.246353
 109.50504  18.246354
 109.50504  18.246355
 109.50504  18.246356
 109.50504  18.246357
 109.50504  18.246358
 109.50504  18.246359
 109.50504  18.246360
 109.50504  18.246361
 109.50504  18.246362
 109.50504  18.246363
 109.50504  18.246364
 109.50504  18.246365
 109.50504  18.246366
 109.50504  18.246367
 109.50504  18.246368
 109.50504  18.246369
 109.50504  18.246370
 109.50504  18.246371
 109.50504  18.246372
 109.50504  18.246373
 109.50504  18.246374
 109.50504  18.246375
 109.50504  18.246376
 109.50504  18.246377
 109.50504  18.246378
 109.50504  18.246379
 109.50504  18.246380
 109.50504  18.246381
 109.50504  18.246382
 109.50504  18.246383
 109.50504  18.246384
 109.50504  18.246385
 109.50504  18.246386
 109.50504  18.246387
 109.50504  18.246388
 109.50504  18.246389
 109.50504  18.246390
 109.50504  18.246391
 109.50504  18.246392
 109.50504  18.246393
 109.50504  18.246394
 109.50504  18.246395
 109.50504  18.246396
 109.50504  18.246397
 109.50504  18.246398
 109.50504  18.246399
 109.50504  18.246400
 109.50504  18.246401
 109.50504  18.246402
 109.50504  18.246403
 109.50504  18.246404
 109.50504  18.246405
 109.50504  18.246406
 109.50504  18.246407
 109.50504  18.246408
 109.50504  18.246409
 109.50504  18.246410
 109.50504  18.246411
 109.50504  18.246412
 109.50504  18.246413
 109.50504  18.246414
 109.50504  18.246415
 109.50504  18.246416
 109.50504  18.246417
 109.50504  18.246418
 109.50504  18.246419
 109.50504  18.246420
 109.50504  18.246421
 109.50504  18.246422
 109.50504  18.246423
 109.50504  18.246424
 109.50504  18.246425
 109.50504  18.246426
 109.50504  18.246427
 109.50504  18.246428
 109.50504  18.246429
 109.50504  18.246430
 109.50504  18.246431
 109.50504  18.246432
 109.50504  18.246433
 109.50504  18.246434
 109.50504  18.246435
 109.50504  18.246436
 109.50504  18.246437
 109.50504  18.246438
 109.50504  18.246439
 109.50504  18.246440
 109.50504  18.246441
 109.50504  18.246442
 109.50504  18.246443
 109.50504  18.246444
 109.50504  18.246445
 109.50504  18.246446
 109.50504  18.246447
 109.50504  18.246448
 109.50504  18.246449
 109.50504  18.246450
 109.50504  18.246451
 109.50504  18.246452
 109.50504  18.246453
