 109.49996  18.254839
 109.49996  18.254833
 109.49996  18.254827
 109.49996  18.254821
 109.49996  18.254815
 109.49996  18.254809
 109.49996  18.254803
 109.49996  18.254797
 109.49996  18.254791
 109.49996  18.254785
 109.49996  18.254779
 109.49996  18.254773
 109.49996  18.254767
 109.49996  18.254761
 109.49996  18.254755
 109.49996  18.254749
 109.49996  18.254743
 109.49996  18.254737
 109.49996  18.254731
 109.49996  18.254725
 109.49996  18.254719
 109.49996  18.254713
 109.49996  18.254707
 109.49996  18.254701
 109.49996  18.254695
 109.49996  18.254689
 109.49996  18.254683
 109.49996  18.254677
 109.49996  18.254671
 109.49996  18.254665
 109.49996  18.254659
 109.49996  18.254653
 109.49996  18.254647
 109.49996  18.254641
 109.49996  18.254635
 109.49996  18.254629
 109.49996  18.254623
 109.49996  18.254617
 109.49996  18.254611
 109.49996  18.254605
 109.49996  18.254599
 109.49996  18.254593
 109.49996  18.254587
 109.49996  18.254581
 109.49996  18.254575
 109.49996  18.254569
 109.49996  18.254563
 109.49996  18.254557
 109.49996  18.254551
 109.49996  18.254545
 109.49996  18.254539
 109.49996  18.254533
 109.49996  18.254527
 109.49996  18.254521
 109.49996  18.254515
 109.49996  18.254509
 109.49996  18.254503
 109.49996  18.254497
 109.49996  18.254491
 109.49996  18.254485
 109.49996  18.254479
 109.49996  18.254473
 109.49996  18.254467
 109.49996  18.254461
 109.49996  18.254455
 109.49996  18.254449
 109.49996  18.254443
 109.49996  18.254437
 109.49996  18.254431
 109.49996  18.254425
 109.49996  18.254419
 109.49996  18.254413
 109.49996  18.254407
 109.49996  18.254401
 109.49996  18.254395
 109.49996  18.254389
 109.49996  18.254383
 109.49996  18.254377
 109.49996  18.254371
 109.49996  18.254365
 109.49996  18.254359
 109.49996  18.254353
 109.49996  18.254347
 109.49996  18.254341
 109.49996  18.254335
 109.49996  18.254329
 109.49996  18.254323
 109.49996  18.254317
 109.49996  18.254311
 109.49996  18.254305
 109.49996  18.254299
 109.49996  18.254293
 109.49996  18.254287
 109.49996  18.254281
 109.49996  18.254275
 109.49996  18.254269
 109.49996  18.254263
 109.49996  18.254257
 109.49996  18.254251
 109.49996  18.254245
 109.49996  18.254239
 109.49996  18.254233
 109.49996  18.254227
 109.49996  18.254221
 109.49996  18.254215
 109.49996  18.254209
 109.49996  18.254203
 109.49996  18.254197
 109.49996  18.254191
 109.49996  18.254185
 109.49996  18.254179
 109.49996  18.254173
 109.49996  18.254167
 109.49996  18.254161
 109.49996  18.254155
 109.49996  18.254149
 109.49996  18.254143
 109.49996  18.254137
 109.49996  18.254131
 109.49996  18.254125
