 109.49747  18.247850
 109.49747  18.247890
 109.49748  18.247930
 109.49748  18.247970
 109.49748  18.248010
 109.49749  18.248050
 109.49749  18.248090
 109.49749  18.248130
 109.49749  18.248170
 109.49750  18.248210
 109.49750  18.248250
 109.49750  18.248290
 109.49751  18.248330
 109.49751  18.248370
 109.49751  18.248410
 109.49752  18.248450
 109.49752  18.248490
 109.49752  18.248530
 109.49752  18.248570
 109.49753  18.248610
 109.49753  18.248650
 109.49753  18.248690
 109.49754  18.248730
 109.49754  18.248770
 109.49754  18.248810
 109.49755  18.248850
 109.49755  18.248890
 109.49755  18.248930
 109.49755  18.248970
 109.49756  18.249010
 109.49756  18.249050
 109.49756  18.249090
 109.49757  18.249130
 109.49757  18.249170
 109.49757  18.249210
 109.49758  18.249250
 109.49758  18.249290
 109.49758  18.249330
 109.49758  18.249370
 109.49759  18.249410
 109.49759  18.249450
 109.49759  18.249490
 109.49760  18.249530
 109.49760  18.249570
 109.49760  18.249610
 109.49760  18.249650
 109.49761  18.249690
 109.49761  18.249730
 109.49761  18.249770
 109.49762  18.249810
 109.49762  18.249850
 109.49762  18.249890
 109.49763  18.249930
 109.49763  18.249970
 109.49763  18.250010
 109.49764  18.250050
 109.49764  18.250090
 109.49764  18.250130
 109.49764  18.250170
 109.49765  18.250210
 109.49765  18.250250
 109.49765  18.250290
 109.49766  18.250330
 109.49766  18.250370
 109.49766  18.250410
 109.49767  18.250450
 109.49767  18.250490
 109.49767  18.250530
 109.49767  18.250570
 109.49768  18.250610
 109.49768  18.250650
 109.49768  18.250690
 109.49769  18.250730
 109.49769  18.250770
 109.49769  18.250810
 109.49769  18.250850
 109.49770  18.250890
 109.49770  18.250930
 109.49770  18.250970
 109.49771  18.251010
 109.49771  18.251050
 109.49771  18.251090
 109.49772  18.251130
 109.49772  18.251170
 109.49772  18.251210
 109.49772  18.251250
 109.49773  18.251290
 109.49773  18.251330
 109.49773  18.251370
 109.49774  18.251410
 109.49774  18.251450
 109.49774  18.251490
 109.49775  18.251530
 109.49775  18.251570
 109.49775  18.251610
 109.49775  18.251650
 109.49776  18.251690
 109.49776  18.251730
 109.49776  18.251770
 109.49777  18.251810
 109.49777  18.251850
 109.49777  18.251890
 109.49778  18.251930
 109.49778  18.251970
 109.49778  18.252010
 109.49778  18.252050
 109.49779  18.252090
 109.49779  18.252130
 109.49779  18.252170
 109.49780  18.252210
 109.49780  18.252250
 109.49780  18.252290
 109.49781  18.252330
 109.49781  18.252370
 109.49781  18.252410
 109.49781  18.252450
 109.49782  18.252490
 109.49782  18.252530
 109.49782  18.252570
 109.49783  18.252610
