 109.50071  18.241081
 109.50070  18.241112
 109.50069  18.241143
 109.50068  18.241175
 109.50067  18.241206
 109.50066  18.241237
 109.50065  18.241268
 109.50064  18.241299
 109.50063  18.241331
 109.50062  18.241362
 109.50061  18.241393
 109.50060  18.241424
 109.50059  18.241455
 109.50058  18.241487
 109.50057  18.241518
 109.50056  18.241549
 109.50055  18.241580
 109.50054  18.241611
 109.50053  18.241643
 109.50052  18.241674
 109.50051  18.241705
 109.50050  18.241736
 109.50049  18.241767
 109.50048  18.241799
 109.50047  18.241830
 109.50046  18.241861
 109.50045  18.241892
 109.50044  18.241923
 109.50043  18.241955
 109.50042  18.241986
 109.50041  18.242017
 109.50040  18.242048
 109.50039  18.242079
 109.50038  18.242111
 109.50037  18.242142
 109.50036  18.242173
 109.50035  18.242204
 109.50034  18.242235
 109.50033  18.242267
 109.50032  18.242298
 109.50031  18.242329
 109.50030  18.242360
 109.50029  18.242391
 109.50028  18.242423
 109.50027  18.242454
 109.50026  18.242485
 109.50025  18.242516
 109.50024  18.242547
 109.50023  18.242579
 109.50022  18.242610
 109.50021  18.242641
 109.50020  18.242672
 109.50019  18.242703
 109.50018  18.242735
 109.50017  18.242766
 109.50016  18.242797
 109.50015  18.242828
 109.50014  18.242859
 109.50013  18.242891
 109.50012  18.242922
 109.50011  18.242953
 109.50010  18.242984
 109.50009  18.243015
 109.50008  18.243047
 109.50007  18.243078
 109.50006  18.243109
 109.50005  18.243140
 109.50004  18.243171
 109.50003  18.243203
 109.50002  18.243234
 109.50001  18.243265
 109.50000  18.243296
 109.49999  18.243327
 109.49998  18.243359
 109.49997  18.243390
 109.49996  18.243421
 109.49995  18.243452
 109.49994  18.243483
 109.49993  18.243515
 109.49992  18.243546
 109.49991  18.243577
 109.49990  18.243608
 109.49989  18.243639
 109.49988  18.243671
 109.49987  18.243702
 109.49986  18.243733
 109.49985  18.243764
 109.49984  18.243795
 109.49983  18.243827
 109.49982  18.243858
 109.49981  18.243889
 109.49980  18.243920
 109.49979  18.243951
 109.49978  18.243983
 109.49977  18.244014
 109.49976  18.244045
 109.49975  18.244076
 109.49974  18.244107
 109.49973  18.244139
 109.49972  18.244170
 109.49971  18.244201
 109.49970  18.244232
 109.49969  18.244263
 109.49968  18.244295
 109.49967  18.244326
 109.49966  18.244357
 109.49965  18.244388
 109.49964  18.244419
 109.49963  18.244451
 109.49962  18.244482
 109.49961  18.244513
 109.49960  18.244544
 109.49959  18.244575
 109.49958  18.244607
 109.49957  18.244638
 109.49956  18.244669
 109.49955  18.244700
 109.49954  18.244731
 109.49953  18.244763
 109.49952  18.244794
