 109.49549  18.259531
 109.49544  18.259549
 109.49539  18.259567
 109.49534  18.259585
 109.49529  18.259603
 109.49524  18.259621
 109.49519  18.259639
 109.49514  18.259657
 109.49509  18.259675
 109.49504  18.259693
 109.49499  18.259711
 109.49494  18.259729
 109.49489  18.259747
 109.49484  18.259765
 109.49479  18.259783
 109.49474  18.259801
 109.49469  18.259819
 109.49464  18.259837
 109.49459  18.259855
 109.49454  18.259873
 109.49449  18.259891
 109.49444  18.259909
 109.49439  18.259927
 109.49434  18.259945
 109.49429  18.259963
 109.49424  18.259981
 109.49419  18.259999
 109.49414  18.260017
 109.49409  18.260035
 109.49404  18.260053
 109.49399  18.260071
 109.49394  18.260089
 109.49389  18.260107
 109.49384  18.260125
 109.49379  18.260143
 109.49374  18.260161
 109.49369  18.260179
 109.49364  18.260197
 109.49359  18.260215
 109.49354  18.260233
 109.49349  18.260251
 109.49344  18.260269
 109.49339  18.260287
 109.49334  18.260305
 109.49329  18.260323
 109.49324  18.260341
 109.49319  18.260359
 109.49314  18.260377
 109.49309  18.260395
 109.49304  18.260413
 109.49299  18.260431
 109.49294  18.260449
 109.49289  18.260467
 109.49284  18.260485
 109.49279  18.260503
 109.49274  18.260521
 109.49269  18.260539
 109.49264  18.260557
 109.49259  18.260575
 109.49254  18.260593
 109.49249  18.260611
 109.49244  18.260629
 109.49239  18.260647
 109.49234  18.260665
 109.49229  18.260683
 109.49224  18.260701
 109.49219  18.260719
 109.49214  18.260737
 109.49209  18.260755
 109.49204  18.260773
 109.49199  18.260791
 109.49194  18.260809
 109.49189  18.260827
 109.49184  18.260845
 109.49179  18.260863
 109.49174  18.260881
 109.49169  18.260899
 109.49164  18.260917
 109.49159  18.260935
 109.49154  18.260953
 109.49149  18.260971
 109.49144  18.260989
 109.49139  18.261007
 109.49134  18.261025
 109.49129  18.261043
 109.49124  18.261061
 109.49119  18.261079
 109.49114  18.261097
 109.49109  18.261115
 109.49104  18.261133
 109.49099  18.261151
 109.49094  18.261169
 109.49089  18.261187
 109.49084  18.261205
 109.49079  18.261223
 109.49074  18.261241
 109.49069  18.261259
 109.49064  18.261277
 109.49059  18.261295
 109.49054  18.261313
 109.49049  18.261331
 109.49044  18.261349
 109.49039  18.261367
 109.49034  18.261385
 109.49029  18.261403
 109.49024  18.261421
 109.49019  18.261439
 109.49014  18.261457
 109.49009  18.261475
 109.49004  18.261493
 109.48999  18.261511
 109.48994  18.261529
 109.48989  18.261547
 109.48984  18.261565
 109.48979  18.261583
 109.48974  18.261601
 109.48969  18.261619
 109.48964  18.261637
 109.48959  18.261655
 109.48954  18.261673
