 109.50306  18.237495
 109.50306  18.237539
 109.50305  18.237583
 109.50305  18.237627
 109.50304  18.237671
 109.50304  18.237715
 109.50303  18.237759
 109.50302  18.237803
 109.50302  18.237847
 109.50302  18.237891
 109.50301  18.237935
 109.50301  18.237979
 109.50300  18.238023
 109.50300  18.238067
 109.50299  18.238111
 109.50299  18.238155
 109.50298  18.238199
 109.50298  18.238243
 109.50297  18.238287
 109.50297  18.238331
 109.50296  18.238375
 109.50296  18.238419
 109.50295  18.238463
 109.50295  18.238507
 109.50294  18.238551
 109.50293  18.238595
 109.50293  18.238639
 109.50293  18.238683
 109.50292  18.238727
 109.50292  18.238771
 109.50291  18.238815
 109.50291  18.238859
 109.50290  18.238903
 109.50290  18.238947
 109.50289  18.238991
 109.50289  18.239035
 109.50288  18.239079
 109.50288  18.239123
 109.50287  18.239167
 109.50287  18.239211
 109.50286  18.239255
 109.50286  18.239299
 109.50285  18.239343
 109.50284  18.239387
 109.50284  18.239431
 109.50284  18.239475
 109.50283  18.239519
 109.50283  18.239563
 109.50282  18.239607
 109.50282  18.239651
 109.50281  18.239695
 109.50281  18.239739
 109.50280  18.239783
 109.50280  18.239827
 109.50279  18.239871
 109.50279  18.239915
 109.50278  18.239959
 109.50278  18.240003
 109.50277  18.240047
 109.50277  18.240091
 109.50276  18.240135
 109.50275  18.240179
 109.50275  18.240223
 109.50275  18.240267
 109.50274  18.240311
 109.50274  18.240355
 109.50273  18.240399
 109.50273  18.240443
 109.50272  18.240487
 109.50271  18.240531
 109.50271  18.240575
 109.50271  18.240619
 109.50270  18.240663
 109.50270  18.240707
 109.50269  18.240751
 109.50269  18.240795
 109.50268  18.240839
 109.50268  18.240883
 109.50267  18.240927
 109.50266  18.240971
 109.50266  18.241015
 109.50266  18.241059
 109.50265  18.241103
 109.50265  18.241147
 109.50264  18.241191
 109.50264  18.241235
 109.50263  18.241279
 109.50262  18.241323
 109.50262  18.241367
 109.50262  18.241411
 109.50261  18.241455
 109.50261  18.241499
 109.50260  18.241543
 109.50260  18.241587
 109.50259  18.241631
 109.50259  18.241675
 109.50258  18.241719
 109.50257  18.241763
 109.50257  18.241807
 109.50257  18.241851
 109.50256  18.241895
 109.50256  18.241939
 109.50255  18.241983
 109.50255  18.242027
 109.50254  18.242071
 109.50253  18.242115
 109.50253  18.242159
 109.50253  18.242203
 109.50252  18.242247
 109.50252  18.242291
 109.50251  18.242335
 109.50251  18.242379
 109.50250  18.242423
 109.50250  18.242467
 109.50249  18.242511
 109.50248  18.242555
 109.50248  18.242599
 109.50248  18.242643
 109.50247  18.242687
 109.50247  18.242731
