 109.49992  18.255390
 109.49924  18.255375
 109.49855  18.255360
 109.49787  18.255345
 109.49718  18.255330
 109.49650  18.255315
 109.49581  18.255300
 109.49513  18.255285
 109.49444  18.255270
 109.49375  18.255255
 109.49307  18.255240
 109.49239  18.255225
 109.49170  18.255210
 109.49102  18.255195
 109.49033  18.255180
 109.48965  18.255165
 109.48896  18.255150
 109.48828  18.255135
 109.48759  18.255120
 109.48690  18.255105
 109.48622  18.255090
 109.48554  18.255075
 109.48485  18.255060
 109.48417  18.255045
 109.48348  18.255030
 109.48280  18.255015
 109.48211  18.255000
 109.48143  18.254985
 109.48074  18.254970
 109.48005  18.254955
 109.47937  18.254940
 109.47869  18.254925
 109.47800  18.254910
 109.47732  18.254895
 109.47663  18.254880
 109.47595  18.254865
 109.47526  18.254850
 109.47458  18.254835
 109.47389  18.254820
 109.47320  18.254805
 109.47252  18.254790
 109.47184  18.254775
 109.47115  18.254760
 109.47047  18.254745
 109.46978  18.254730
 109.46910  18.254715
 109.46841  18.254700
 109.46773  18.254685
 109.46704  18.254670
 109.46635  18.254655
 109.46567  18.254640
 109.46499  18.254625
 109.46430  18.254610
 109.46362  18.254595
 109.46293  18.254580
 109.46225  18.254565
 109.46156  18.254550
 109.46088  18.254535
 109.46019  18.254520
 109.45950  18.254505
 109.45882  18.254490
 109.45814  18.254475
 109.45745  18.254460
 109.45677  18.254445
 109.45608  18.254430
 109.45540  18.254415
 109.45471  18.254400
 109.45403  18.254385
 109.45334  18.254370
 109.45265  18.254355
 109.45197  18.254340
 109.45129  18.254325
 109.45060  18.254310
 109.44992  18.254295
 109.44923  18.254280
 109.44855  18.254265
 109.44786  18.254250
 109.44718  18.254235
 109.44649  18.254220
 109.44581  18.254205
 109.44512  18.254190
 109.44444  18.254175
 109.44375  18.254160
 109.44307  18.254145
 109.44238  18.254130
 109.44170  18.254115
 109.44101  18.254100
 109.44033  18.254085
 109.43964  18.254070
 109.43896  18.254055
 109.43827  18.254040
 109.43759  18.254025
 109.43690  18.254010
 109.43622  18.253995
 109.43553  18.253980
 109.43485  18.253965
 109.43416  18.253950
 109.43348  18.253935
 109.43279  18.253920
 109.43211  18.253905
 109.43142  18.253890
 109.43074  18.253875
 109.43005  18.253860
 109.42937  18.253845
 109.42868  18.253830
 109.42800  18.253815
 109.42731  18.253800
 109.42663  18.253785
 109.42594  18.253770
 109.42526  18.253755
 109.42457  18.253740
 109.42389  18.253725
 109.42320  18.253710
 109.42252  18.253695
 109.42183  18.253680
 109.42115  18.253665
 109.42046  18.253650
 109.41978  18.253635
 109.41909  18.253620
 109.41840  18.253605
