 109.50536  18.253668
 109.50544  18.253720
 109.50552  18.253772
 109.50560  18.253824
 109.50568  18.253876
 109.50576  18.253928
 109.50584  18.253980
 109.50592  18.254032
 109.50600  18.254084
 109.50608  18.254136
 109.50616  18.254188
 109.50624  18.254240
 109.50632  18.254292
 109.50640  18.254344
 109.50648  18.254396
 109.50656  18.254448
 109.50664  18.254500
 109.50672  18.254552
 109.50680  18.254604
 109.50688  18.254656
 109.50696  18.254708
 109.50704  18.254760
 109.50712  18.254812
 109.50720  18.254864
 109.50728  18.254916
 109.50736  18.254968
 109.50744  18.255020
 109.50752  18.255072
 109.50760  18.255124
 109.50768  18.255176
 109.50776  18.255228
 109.50784  18.255280
 109.50792  18.255332
 109.50800  18.255384
 109.50808  18.255436
 109.50816  18.255488
 109.50824  18.255540
 109.50832  18.255592
 109.50840  18.255644
 109.50848  18.255696
 109.50856  18.255748
 109.50864  18.255800
 109.50872  18.255852
 109.50880  18.255904
 109.50888  18.255956
 109.50896  18.256008
 109.50904  18.256060
 109.50912  18.256112
 109.50920  18.256164
 109.50928  18.256216
 109.50936  18.256268
 109.50944  18.256320
 109.50952  18.256372
 109.50960  18.256424
 109.50968  18.256476
 109.50976  18.256528
 109.50984  18.256580
 109.50992  18.256632
 109.51000  18.256684
 109.51008  18.256736
 109.51016  18.256788
 109.51024  18.256840
 109.51032  18.256892
 109.51040  18.256944
 109.51048  18.256996
 109.51056  18.257048
 109.51064  18.257100
 109.51072  18.257152
 109.51080  18.257204
 109.51088  18.257256
 109.51096  18.257308
 109.51104  18.257360
 109.51112  18.257412
 109.51120  18.257464
 109.51128  18.257516
 109.51136  18.257568
 109.51144  18.257620
 109.51152  18.257672
 109.51160  18.257724
 109.51168  18.257776
 109.51176  18.257828
 109.51184  18.257880
 109.51192  18.257932
 109.51200  18.257984
 109.51208  18.258036
 109.51216  18.258088
 109.51224  18.258140
 109.51232  18.258192
 109.51240  18.258244
 109.51248  18.258296
 109.51256  18.258348
 109.51264  18.258400
 109.51272  18.258452
 109.51280  18.258504
 109.51288  18.258556
 109.51296  18.258608
 109.51304  18.258660
 109.51312  18.258712
 109.51320  18.258764
 109.51328  18.258816
 109.51336  18.258868
 109.51344  18.258920
 109.51352  18.258972
 109.51360  18.259024
 109.51368  18.259076
 109.51376  18.259128
 109.51384  18.259180
 109.51392  18.259232
 109.51400  18.259284
 109.51408  18.259336
 109.51416  18.259388
 109.51424  18.259440
 109.51432  18.259492
 109.51440  18.259544
 109.51448  18.259596
 109.51456  18.259648
 109.51464  18.259700
 109.51472  18.259752
 109.51480  18.259804
 109.51488  18.259856
