 109.49834  18.261953
 109.49835  18.261950
 109.49836  18.261947
 109.49837  18.261944
 109.49838  18.261941
 109.49839  18.261938
 109.49840  18.261935
 109.49841  18.261932
 109.49842  18.261929
 109.49843  18.261926
 109.49844  18.261923
 109.49845  18.261920
 109.49846  18.261917
 109.49847  18.261914
 109.49848  18.261911
 109.49849  18.261908
 109.49850  18.261905
 109.49851  18.261902
 109.49852  18.261899
 109.49853  18.261896
 109.49854  18.261893
 109.49855  18.261890
 109.49856  18.261887
 109.49857  18.261884
 109.49858  18.261881
 109.49859  18.261878
 109.49860  18.261875
 109.49861  18.261872
 109.49862  18.261869
 109.49863  18.261866
 109.49864  18.261863
 109.49865  18.261860
 109.49866  18.261857
 109.49867  18.261854
 109.49868  18.261851
 109.49869  18.261848
 109.49870  18.261845
 109.49871  18.261842
 109.49872  18.261839
 109.49873  18.261836
 109.49874  18.261833
 109.49875  18.261830
 109.49876  18.261827
 109.49877  18.261824
 109.49878  18.261821
 109.49879  18.261818
 109.49880  18.261815
 109.49881  18.261812
 109.49882  18.261809
 109.49883  18.261806
 109.49884  18.261803
 109.49885  18.261800
 109.49886  18.261797
 109.49887  18.261794
 109.49888  18.261791
 109.49889  18.261788
 109.49890  18.261785
 109.49891  18.261782
 109.49892  18.261779
 109.49893  18.261776
 109.49894  18.261773
 109.49895  18.261770
 109.49896  18.261767
 109.49897  18.261764
 109.49898  18.261761
 109.49899  18.261758
 109.49900  18.261755
 109.49901  18.261752
 109.49902  18.261749
 109.49903  18.261746
 109.49904  18.261743
 109.49905  18.261740
 109.49906  18.261737
 109.49907  18.261734
 109.49908  18.261731
 109.49909  18.261728
 109.49910  18.261725
 109.49911  18.261722
 109.49912  18.261719
 109.49913  18.261716
 109.49914  18.261713
 109.49915  18.261710
 109.49916  18.261707
 109.49917  18.261704
 109.49918  18.261701
 109.49919  18.261698
 109.49920  18.261695
 109.49921  18.261692
 109.49922  18.261689
 109.49923  18.261686
 109.49924  18.261683
 109.49925  18.261680
 109.49926  18.261677
 109.49927  18.261674
 109.49928  18.261671
 109.49929  18.261668
 109.49930  18.261665
 109.49931  18.261662
 109.49932  18.261659
 109.49933  18.261656
 109.49934  18.261653
 109.49935  18.261650
 109.49936  18.261647
 109.49937  18.261644
 109.49938  18.261641
 109.49939  18.261638
 109.49940  18.261635
 109.49941  18.261632
 109.49942  18.261629
 109.49943  18.261626
 109.49944  18.261623
 109.49945  18.261620
 109.49946  18.261617
 109.49947  18.261614
 109.49948  18.261611
 109.49949  18.261608
 109.49950  18.261605
 109.49951  18.261602
 109.49952  18.261599
 109.49953  18.261596
