 109.50581  18.253798
 109.50577  18.253795
 109.50573  18.253792
 109.50570  18.253789
 109.50566  18.253786
 109.50563  18.253783
 109.50559  18.253780
 109.50555  18.253777
 109.50552  18.253774
 109.50548  18.253771
 109.50545  18.253768
 109.50541  18.253765
 109.50537  18.253762
 109.50534  18.253759
 109.50530  18.253756
 109.50527  18.253753
 109.50523  18.253750
 109.50519  18.253747
 109.50516  18.253744
 109.50512  18.253741
 109.50509  18.253738
 109.50505  18.253735
 109.50501  18.253732
 109.50498  18.253729
 109.50494  18.253726
 109.50491  18.253723
 109.50487  18.253720
 109.50483  18.253717
 109.50480  18.253714
 109.50476  18.253711
 109.50473  18.253708
 109.50469  18.253705
 109.50465  18.253702
 109.50462  18.253699
 109.50458  18.253696
 109.50455  18.253693
 109.50451  18.253690
 109.50447  18.253687
 109.50444  18.253684
 109.50440  18.253681
 109.50437  18.253678
 109.50433  18.253675
 109.50429  18.253672
 109.50426  18.253669
 109.50422  18.253666
 109.50419  18.253663
 109.50415  18.253660
 109.50411  18.253657
 109.50408  18.253654
 109.50404  18.253651
 109.50401  18.253648
 109.50397  18.253645
 109.50393  18.253642
 109.50390  18.253639
 109.50386  18.253636
 109.50383  18.253633
 109.50379  18.253630
 109.50375  18.253627
 109.50372  18.253624
 109.50368  18.253621
 109.50365  18.253618
 109.50361  18.253615
 109.50357  18.253612
 109.50354  18.253609
 109.50350  18.253606
 109.50347  18.253603
 109.50343  18.253600
 109.50339  18.253597
 109.50336  18.253594
 109.50332  18.253591
 109.50329  18.253588
 109.50325  18.253585
 109.50321  18.253582
 109.50318  18.253579
 109.50314  18.253576
 109.50311  18.253573
 109.50307  18.253570
 109.50303  18.253567
 109.50300  18.253564
 109.50296  18.253561
 109.50293  18.253558
 109.50289  18.253555
 109.50285  18.253552
 109.50282  18.253549
 109.50278  18.253546
 109.50275  18.253543
 109.50271  18.253540
 109.50267  18.253537
 109.50264  18.253534
 109.50260  18.253531
 109.50257  18.253528
 109.50253  18.253525
 109.50249  18.253522
 109.50246  18.253519
 109.50242  18.253516
 109.50239  18.253513
 109.50235  18.253510
 109.50231  18.253507
 109.50228  18.253504
 109.50224  18.253501
 109.50221  18.253498
 109.50217  18.253495
 109.50213  18.253492
 109.50210  18.253489
 109.50206  18.253486
 109.50203  18.253483
 109.50199  18.253480
 109.50195  18.253477
 109.50192  18.253474
 109.50188  18.253471
 109.50185  18.253468
 109.50181  18.253465
 109.50177  18.253462
 109.50174  18.253459
 109.50170  18.253456
 109.50167  18.253453
 109.50163  18.253450
 109.50159  18.253447
 109.50156  18.253444
 109.50152  18.253441
