 109.50530  18.253736
 109.50517  18.253726
 109.50506  18.253716
 109.50494  18.253706
 109.50481  18.253696
 109.50470  18.253686
 109.50458  18.253676
 109.50445  18.253666
 109.50434  18.253656
 109.50422  18.253646
 109.50410  18.253636
 109.50398  18.253626
 109.50386  18.253616
 109.50374  18.253606
 109.50362  18.253596
 109.50350  18.253586
 109.50338  18.253576
 109.50326  18.253566
 109.50314  18.253556
 109.50302  18.253546
 109.50290  18.253536
 109.50278  18.253526
 109.50266  18.253516
 109.50253  18.253506
 109.50242  18.253496
 109.50230  18.253486
 109.50217  18.253476
 109.50206  18.253466
 109.50194  18.253456
 109.50181  18.253446
 109.50170  18.253436
 109.50158  18.253426
 109.50146  18.253416
 109.50134  18.253406
 109.50122  18.253396
 109.50110  18.253386
 109.50098  18.253376
 109.50086  18.253366
 109.50074  18.253356
 109.50062  18.253346
 109.50050  18.253336
 109.50038  18.253326
 109.50026  18.253316
 109.50014  18.253306
 109.50002  18.253296
 109.49990  18.253286
 109.49978  18.253276
 109.49966  18.253266
 109.49953  18.253256
 109.49942  18.253246
 109.49930  18.253236
 109.49917  18.253226
 109.49906  18.253216
 109.49893  18.253206
 109.49881  18.253196
 109.49869  18.253186
 109.49857  18.253176
 109.49845  18.253166
 109.49833  18.253156
 109.49821  18.253146
 109.49809  18.253136
 109.49797  18.253126
 109.49785  18.253116
 109.49773  18.253106
 109.49761  18.253096
 109.49749  18.253086
 109.49737  18.253076
 109.49725  18.253066
 109.49713  18.253056
 109.49701  18.253046
 109.49689  18.253036
 109.49677  18.253026
 109.49665  18.253016
 109.49653  18.253006
 109.49641  18.252996
 109.49629  18.252986
 109.49617  18.252976
 109.49605  18.252966
 109.49593  18.252956
 109.49581  18.252946
 109.49569  18.252936
 109.49557  18.252926
 109.49545  18.252916
 109.49533  18.252906
 109.49521  18.252896
 109.49509  18.252886
 109.49497  18.252876
 109.49485  18.252866
 109.49473  18.252856
 109.49461  18.252846
 109.49449  18.252836
 109.49437  18.252826
 109.49425  18.252816
 109.49413  18.252806
 109.49401  18.252796
 109.49389  18.252786
 109.49377  18.252776
 109.49365  18.252766
 109.49353  18.252756
 109.49341  18.252746
 109.49329  18.252736
 109.49317  18.252726
 109.49305  18.252716
 109.49293  18.252706
 109.49281  18.252696
 109.49269  18.252686
 109.49257  18.252676
 109.49245  18.252666
 109.49233  18.252656
 109.49221  18.252646
 109.49209  18.252636
 109.49197  18.252626
 109.49185  18.252616
 109.49173  18.252606
 109.49161  18.252596
 109.49149  18.252586
 109.49137  18.252576
 109.49125  18.252566
 109.49113  18.252556
 109.49101  18.252546
