 109.49902  18.259453
 109.49901  18.259489
 109.49900  18.259524
 109.49899  18.259560
 109.49898  18.259596
 109.49898  18.259632
 109.49897  18.259667
 109.49896  18.259703
 109.49895  18.259739
 109.49894  18.259774
 109.49894  18.259810
 109.49893  18.259846
 109.49892  18.259881
 109.49891  18.259917
 109.49890  18.259953
 109.49890  18.259988
 109.49889  18.260024
 109.49888  18.260060
 109.49887  18.260096
 109.49886  18.260131
 109.49886  18.260167
 109.49885  18.260203
 109.49884  18.260238
 109.49883  18.260274
 109.49882  18.260310
 109.49882  18.260345
 109.49881  18.260381
 109.49880  18.260417
 109.49879  18.260453
 109.49878  18.260488
 109.49878  18.260524
 109.49877  18.260560
 109.49876  18.260595
 109.49875  18.260631
 109.49874  18.260667
 109.49874  18.260702
 109.49873  18.260738
 109.49872  18.260774
 109.49871  18.260810
 109.49870  18.260845
 109.49870  18.260881
 109.49869  18.260917
 109.49868  18.260952
 109.49867  18.260988
 109.49866  18.261024
 109.49866  18.261059
 109.49865  18.261095
 109.49864  18.261131
 109.49863  18.261167
 109.49862  18.261202
 109.49862  18.261238
 109.49861  18.261274
 109.49860  18.261309
 109.49859  18.261345
 109.49858  18.261381
 109.49858  18.261416
 109.49857  18.261452
 109.49856  18.261488
 109.49855  18.261524
 109.49854  18.261559
 109.49854  18.261595
 109.49853  18.261631
 109.49852  18.261666
 109.49851  18.261702
 109.49850  18.261738
 109.49850  18.261773
 109.49849  18.261809
 109.49848  18.261845
 109.49847  18.261881
 109.49846  18.261916
 109.49846  18.261952
 109.49845  18.261988
 109.49844  18.262023
 109.49843  18.262059
 109.49842  18.262095
 109.49842  18.262130
 109.49841  18.262166
 109.49840  18.262202
 109.49839  18.262238
 109.49838  18.262273
 109.49838  18.262309
 109.49837  18.262345
 109.49836  18.262380
 109.49835  18.262416
 109.49834  18.262452
 109.49834  18.262487
 109.49833  18.262523
 109.49832  18.262559
 109.49831  18.262595
 109.49830  18.262630
 109.49830  18.262666
 109.49829  18.262702
 109.49828  18.262737
 109.49827  18.262773
 109.49826  18.262809
 109.49826  18.262844
 109.49825  18.262880
 109.49824  18.262916
 109.49823  18.262952
 109.49822  18.262987
 109.49822  18.263023
 109.49821  18.263059
 109.49820  18.263094
 109.49819  18.263130
 109.49818  18.263166
 109.49818  18.263201
 109.49817  18.263237
 109.49816  18.263273
 109.49815  18.263309
 109.49814  18.263344
 109.49814  18.263380
 109.49813  18.263416
 109.49812  18.263451
 109.49811  18.263487
 109.49810  18.263523
 109.49810  18.263558
 109.49809  18.263594
 109.49808  18.263630
 109.49807  18.263666
 109.49806  18.263701
