 109.50568  18.238394
 109.50568  18.238494
 109.50568  18.238594
 109.50567  18.238694
 109.50567  18.238794
 109.50566  18.238894
 109.50566  18.238994
 109.50566  18.239094
 109.50565  18.239194
 109.50565  18.239294
 109.50564  18.239394
 109.50564  18.239494
 109.50564  18.239594
 109.50563  18.239694
 109.50563  18.239794
 109.50562  18.239894
 109.50562  18.239994
 109.50562  18.240094
 109.50561  18.240194
 109.50561  18.240294
 109.50560  18.240394
 109.50560  18.240494
 109.50560  18.240594
 109.50559  18.240694
 109.50559  18.240794
 109.50558  18.240894
 109.50558  18.240994
 109.50558  18.241094
 109.50557  18.241194
 109.50557  18.241294
 109.50556  18.241394
 109.50556  18.241494
 109.50556  18.241594
 109.50555  18.241694
 109.50555  18.241794
 109.50554  18.241894
 109.50554  18.241994
 109.50554  18.242094
 109.50553  18.242194
 109.50553  18.242294
 109.50552  18.242394
 109.50552  18.242494
 109.50552  18.242594
 109.50551  18.242694
 109.50551  18.242794
 109.50550  18.242894
 109.50550  18.242994
 109.50550  18.243094
 109.50549  18.243194
 109.50549  18.243294
 109.50548  18.243394
 109.50548  18.243494
 109.50548  18.243594
 109.50547  18.243694
 109.50547  18.243794
 109.50546  18.243894
 109.50546  18.243994
 109.50546  18.244094
 109.50545  18.244194
 109.50545  18.244294
 109.50544  18.244394
 109.50544  18.244494
 109.50544  18.244594
 109.50543  18.244694
 109.50543  18.244794
 109.50542  18.244894
 109.50542  18.244994
 109.50542  18.245094
 109.50541  18.245194
 109.50541  18.245294
 109.50540  18.245394
 109.50540  18.245494
 109.50540  18.245594
 109.50539  18.245694
 109.50539  18.245794
 109.50538  18.245894
 109.50538  18.245994
 109.50538  18.246094
 109.50537  18.246194
 109.50537  18.246294
 109.50536  18.246394
 109.50536  18.246494
 109.50536  18.246594
 109.50535  18.246694
 109.50535  18.246794
 109.50534  18.246894
 109.50534  18.246994
 109.50534  18.247094
 109.50533  18.247194
 109.50533  18.247294
 109.50532  18.247394
 109.50532  18.247494
 109.50532  18.247594
 109.50531  18.247694
 109.50531  18.247794
 109.50530  18.247894
 109.50530  18.247994
 109.50530  18.248094
 109.50529  18.248194
 109.50529  18.248294
 109.50528  18.248394
 109.50528  18.248494
 109.50528  18.248594
 109.50527  18.248694
 109.50527  18.248794
 109.50526  18.248894
 109.50526  18.248994
 109.50526  18.249094
 109.50525  18.249194
 109.50525  18.249294
 109.50524  18.249394
 109.50524  18.249494
 109.50524  18.249594
 109.50523  18.249694
 109.50523  18.249794
 109.50522  18.249894
 109.50522  18.249994
 109.50522  18.250094
 109.50521  18.250194
 109.50521  18.250294
