 109.50563  18.240520
 109.50564  18.240440
 109.50565  18.240360
 109.50566  18.240280
 109.50567  18.240200
 109.50568  18.240120
 109.50569  18.240040
 109.50570  18.239960
 109.50571  18.239880
 109.50572  18.239800
 109.50573  18.239720
 109.50574  18.239640
 109.50575  18.239560
 109.50576  18.239480
 109.50577  18.239400
 109.50578  18.239320
 109.50579  18.239240
 109.50580  18.239160
 109.50581  18.239080
 109.50582  18.239000
 109.50583  18.238920
 109.50584  18.238840
 109.50585  18.238760
 109.50586  18.238680
 109.50587  18.238600
 109.50588  18.238520
 109.50589  18.238440
 109.50590  18.238360
 109.50591  18.238280
 109.50592  18.238200
 109.50593  18.238120
 109.50594  18.238040
 109.50595  18.237960
 109.50596  18.237880
 109.50597  18.237800
 109.50598  18.237720
 109.50599  18.237640
 109.50600  18.237560
 109.50601  18.237480
 109.50602  18.237400
 109.50603  18.237320
 109.50604  18.237240
 109.50605  18.237160
 109.50606  18.237080
 109.50607  18.237000
 109.50608  18.236920
 109.50609  18.236840
 109.50610  18.236760
 109.50611  18.236680
 109.50612  18.236600
 109.50613  18.236520
 109.50614  18.236440
 109.50615  18.236360
 109.50616  18.236280
 109.50617  18.236200
 109.50618  18.236120
 109.50619  18.236040
 109.50620  18.235960
 109.50621  18.235880
 109.50622  18.235800
 109.50623  18.235720
 109.50624  18.235640
 109.50625  18.235560
 109.50626  18.235480
 109.50627  18.235400
 109.50628  18.235320
 109.50629  18.235240
 109.50630  18.235160
 109.50631  18.235080
 109.50632  18.235000
 109.50633  18.234920
 109.50634  18.234840
 109.50635  18.234760
 109.50636  18.234680
 109.50637  18.234600
 109.50638  18.234520
 109.50639  18.234440
 109.50640  18.234360
 109.50641  18.234280
 109.50642  18.234200
 109.50643  18.234120
 109.50644  18.234040
 109.50645  18.233960
 109.50646  18.233880
 109.50647  18.233800
 109.50648  18.233720
 109.50649  18.233640
 109.50650  18.233560
 109.50651  18.233480
 109.50652  18.233400
 109.50653  18.233320
 109.50654  18.233240
 109.50655  18.233160
 109.50656  18.233080
 109.50657  18.233000
 109.50658  18.232920
 109.50659  18.232840
 109.50660  18.232760
 109.50661  18.232680
 109.50662  18.232600
 109.50663  18.232520
 109.50664  18.232440
 109.50665  18.232360
 109.50666  18.232280
 109.50667  18.232200
 109.50668  18.232120
 109.50669  18.232040
 109.50670  18.231960
 109.50671  18.231880
 109.50672  18.231800
 109.50673  18.231720
 109.50674  18.231640
 109.50675  18.231560
 109.50676  18.231480
 109.50677  18.231400
 109.50678  18.231320
 109.50679  18.231240
 109.50680  18.231160
 109.50681  18.231080
 109.50682  18.231000
