 109.50538  18.241331
 109.50538  18.241361
 109.50538  18.241391
 109.50538  18.241421
 109.50538  18.241451
 109.50538  18.241481
 109.50538  18.241511
 109.50538  18.241541
 109.50538  18.241571
 109.50538  18.241601
 109.50538  18.241631
 109.50538  18.241661
 109.50538  18.241691
 109.50538  18.241721
 109.50538  18.241751
 109.50538  18.241781
 109.50538  18.241811
 109.50538  18.241841
 109.50538  18.241871
 109.50538  18.241901
 109.50538  18.241931
 109.50538  18.241961
 109.50538  18.241991
 109.50538  18.242021
 109.50538  18.242051
 109.50538  18.242081
 109.50538  18.242111
 109.50538  18.242141
 109.50538  18.242171
 109.50538  18.242201
 109.50538  18.242231
 109.50538  18.242261
 109.50538  18.242291
 109.50538  18.242321
 109.50538  18.242351
 109.50538  18.242381
 109.50538  18.242411
 109.50538  18.242441
 109.50538  18.242471
 109.50538  18.242501
 109.50538  18.242531
 109.50538  18.242561
 109.50538  18.242591
 109.50538  18.242621
 109.50538  18.242651
 109.50538  18.242681
 109.50538  18.242711
 109.50538  18.242741
 109.50538  18.242771
 109.50538  18.242801
 109.50538  18.242831
 109.50538  18.242861
 109.50538  18.242891
 109.50538  18.242921
 109.50538  18.242951
 109.50538  18.242981
 109.50538  18.243011
 109.50538  18.243041
 109.50538  18.243071
 109.50538  18.243101
 109.50538  18.243131
 109.50538  18.243161
 109.50538  18.243191
 109.50538  18.243221
 109.50538  18.243251
 109.50538  18.243281
 109.50538  18.243311
 109.50538  18.243341
 109.50538  18.243371
 109.50538  18.243401
 109.50538  18.243431
 109.50538  18.243461
 109.50538  18.243491
 109.50538  18.243521
 109.50538  18.243551
 109.50538  18.243581
 109.50538  18.243611
 109.50538  18.243641
 109.50538  18.243671
 109.50538  18.243701
 109.50538  18.243731
 109.50538  18.243761
 109.50538  18.243791
 109.50538  18.243821
 109.50538  18.243851
 109.50538  18.243881
 109.50538  18.243911
 109.50538  18.243941
 109.50538  18.243971
 109.50538  18.244001
 109.50538  18.244031
 109.50538  18.244061
 109.50538  18.244091
 109.50538  18.244121
 109.50538  18.244151
 109.50538  18.244181
 109.50538  18.244211
 109.50538  18.244241
 109.50538  18.244271
 109.50538  18.244301
 109.50538  18.244331
 109.50538  18.244361
 109.50538  18.244391
 109.50538  18.244421
 109.50538  18.244451
 109.50538  18.244481
 109.50538  18.244511
 109.50538  18.244541
 109.50538  18.244571
 109.50538  18.244601
 109.50538  18.244631
 109.50538  18.244661
 109.50538  18.244691
 109.50538  18.244721
 109.50538  18.244751
 109.50538  18.244781
 109.50538  18.244811
 109.50538  18.244841
 109.50538  18.244871
 109.50538  18.244901
