 109.49661  18.255596
 109.49658  18.255950
 109.49655  18.256304
 109.49652  18.256658
 109.49649  18.257012
 109.49646  18.257366
 109.49643  18.257720
 109.49640  18.258074
 109.49637  18.258428
 109.49634  18.258782
 109.49631  18.259136
 109.49628  18.259490
 109.49625  18.259844
 109.49622  18.260198
 109.49619  18.260552
 109.49616  18.260906
 109.49613  18.261260
 109.49610  18.261614
 109.49607  18.261968
 109.49604  18.262322
 109.49601  18.262676
 109.49598  18.263030
 109.49595  18.263384
 109.49592  18.263738
 109.49589  18.264092
 109.49586  18.264446
 109.49583  18.264800
 109.49580  18.265154
 109.49577  18.265508
 109.49574  18.265862
 109.49571  18.266216
 109.49568  18.266570
 109.49565  18.266924
 109.49562  18.267278
 109.49559  18.267632
 109.49556  18.267986
 109.49553  18.268340
 109.49550  18.268694
 109.49547  18.269048
 109.49544  18.269402
 109.49541  18.269756
 109.49538  18.270110
 109.49535  18.270464
 109.49532  18.270818
 109.49529  18.271172
 109.49526  18.271526
 109.49523  18.271880
 109.49520  18.272234
 109.49517  18.272588
 109.49514  18.272942
 109.49511  18.273296
 109.49508  18.273650
 109.49505  18.274004
 109.49502  18.274358
 109.49499  18.274712
 109.49496  18.275066
 109.49493  18.275420
 109.49490  18.275774
 109.49487  18.276128
 109.49484  18.276482
 109.49481  18.276836
 109.49478  18.277190
 109.49475  18.277544
 109.49472  18.277898
 109.49469  18.278252
 109.49466  18.278606
 109.49463  18.278960
 109.49460  18.279314
 109.49457  18.279668
 109.49454  18.280022
 109.49451  18.280376
 109.49448  18.280730
 109.49445  18.281084
 109.49442  18.281438
 109.49439  18.281792
 109.49436  18.282146
 109.49433  18.282500
 109.49430  18.282854
 109.49427  18.283208
 109.49424  18.283562
 109.49421  18.283916
 109.49418  18.284270
 109.49415  18.284624
 109.49412  18.284978
 109.49409  18.285332
 109.49406  18.285686
 109.49403  18.286040
 109.49400  18.286394
 109.49397  18.286748
 109.49394  18.287102
 109.49391  18.287456
 109.49388  18.287810
 109.49385  18.288164
 109.49382  18.288518
 109.49379  18.288872
 109.49376  18.289226
 109.49373  18.289580
 109.49370  18.289934
 109.49367  18.290288
 109.49364  18.290642
 109.49361  18.290996
 109.49358  18.291350
 109.49355  18.291704
 109.49352  18.292058
 109.49349  18.292412
 109.49346  18.292766
 109.49343  18.293120
 109.49340  18.293474
 109.49337  18.293828
 109.49334  18.294182
 109.49331  18.294536
 109.49328  18.294890
 109.49325  18.295244
 109.49322  18.295598
 109.49319  18.295952
 109.49316  18.296306
 109.49313  18.296660
 109.49310  18.297014
 109.49307  18.297368
 109.49304  18.297722
