 109.50568  18.237524
 109.50564  18.237520
 109.50560  18.237516
 109.50556  18.237512
 109.50552  18.237508
 109.50548  18.237504
 109.50544  18.237500
 109.50540  18.237496
 109.50536  18.237492
 109.50532  18.237488
 109.50528  18.237484
 109.50524  18.237480
 109.50520  18.237476
 109.50516  18.237472
 109.50512  18.237468
 109.50508  18.237464
 109.50504  18.237460
 109.50500  18.237456
 109.50496  18.237452
 109.50492  18.237448
 109.50488  18.237444
 109.50484  18.237440
 109.50480  18.237436
 109.50476  18.237432
 109.50472  18.237428
 109.50468  18.237424
 109.50464  18.237420
 109.50460  18.237416
 109.50456  18.237412
 109.50452  18.237408
 109.50448  18.237404
 109.50444  18.237400
 109.50440  18.237396
 109.50436  18.237392
 109.50432  18.237388
 109.50428  18.237384
 109.50424  18.237380
 109.50420  18.237376
 109.50416  18.237372
 109.50412  18.237368
 109.50408  18.237364
 109.50404  18.237360
 109.50400  18.237356
 109.50396  18.237352
 109.50392  18.237348
 109.50388  18.237344
 109.50384  18.237340
 109.50380  18.237336
 109.50376  18.237332
 109.50372  18.237328
 109.50368  18.237324
 109.50364  18.237320
 109.50360  18.237316
 109.50356  18.237312
 109.50352  18.237308
 109.50348  18.237304
 109.50344  18.237300
 109.50340  18.237296
 109.50336  18.237292
 109.50332  18.237288
 109.50328  18.237284
 109.50324  18.237280
 109.50320  18.237276
 109.50316  18.237272
 109.50312  18.237268
 109.50308  18.237264
 109.50304  18.237260
 109.50300  18.237256
 109.50296  18.237252
 109.50292  18.237248
 109.50288  18.237244
 109.50284  18.237240
 109.50280  18.237236
 109.50276  18.237232
 109.50272  18.237228
 109.50268  18.237224
 109.50264  18.237220
 109.50260  18.237216
 109.50256  18.237212
 109.50252  18.237208
 109.50248  18.237204
 109.50244  18.237200
 109.50240  18.237196
 109.50236  18.237192
 109.50232  18.237188
 109.50228  18.237184
 109.50224  18.237180
 109.50220  18.237176
 109.50216  18.237172
 109.50212  18.237168
 109.50208  18.237164
 109.50204  18.237160
 109.50200  18.237156
 109.50196  18.237152
 109.50192  18.237148
 109.50188  18.237144
 109.50184  18.237140
 109.50180  18.237136
 109.50176  18.237132
 109.50172  18.237128
 109.50168  18.237124
 109.50164  18.237120
 109.50160  18.237116
 109.50156  18.237112
 109.50152  18.237108
 109.50148  18.237104
 109.50144  18.237100
 109.50140  18.237096
 109.50136  18.237092
 109.50132  18.237088
 109.50128  18.237084
 109.50124  18.237080
 109.50120  18.237076
 109.50116  18.237072
 109.50112  18.237068
 109.50108  18.237064
 109.50104  18.237060
 109.50100  18.237056
 109.50096  18.237052
 109.50092  18.237048
