 109.49992  18.248322
 109.49998  18.248300
 109.50004  18.248278
 109.50010  18.248256
 109.50016  18.248234
 109.50022  18.248212
 109.50028  18.248190
 109.50034  18.248168
 109.50040  18.248146
 109.50046  18.248124
 109.50052  18.248102
 109.50058  18.248080
 109.50064  18.248058
 109.50070  18.248036
 109.50076  18.248014
 109.50082  18.247992
 109.50088  18.247970
 109.50094  18.247948
 109.50100  18.247926
 109.50106  18.247904
 109.50112  18.247882
 109.50118  18.247860
 109.50124  18.247838
 109.50130  18.247816
 109.50136  18.247794
 109.50142  18.247772
 109.50148  18.247750
 109.50154  18.247728
 109.50160  18.247706
 109.50166  18.247684
 109.50172  18.247662
 109.50178  18.247640
 109.50184  18.247618
 109.50190  18.247596
 109.50196  18.247574
 109.50202  18.247552
 109.50208  18.247530
 109.50214  18.247508
 109.50220  18.247486
 109.50226  18.247464
 109.50232  18.247442
 109.50238  18.247420
 109.50244  18.247398
 109.50250  18.247376
 109.50256  18.247354
 109.50262  18.247332
 109.50268  18.247310
 109.50274  18.247288
 109.50280  18.247266
 109.50286  18.247244
 109.50292  18.247222
 109.50298  18.247200
 109.50304  18.247178
 109.50310  18.247156
 109.50316  18.247134
 109.50322  18.247112
 109.50328  18.247090
 109.50334  18.247068
 109.50340  18.247046
 109.50346  18.247024
 109.50352  18.247002
 109.50358  18.246980
 109.50364  18.246958
 109.50370  18.246936
 109.50376  18.246914
 109.50382  18.246892
 109.50388  18.246870
 109.50394  18.246848
 109.50400  18.246826
 109.50406  18.246804
 109.50412  18.246782
 109.50418  18.246760
 109.50424  18.246738
 109.50430  18.246716
 109.50436  18.246694
 109.50442  18.246672
 109.50448  18.246650
 109.50454  18.246628
 109.50460  18.246606
 109.50466  18.246584
 109.50472  18.246562
 109.50478  18.246540
 109.50484  18.246518
 109.50490  18.246496
 109.50496  18.246474
 109.50502  18.246452
 109.50508  18.246430
 109.50514  18.246408
 109.50520  18.246386
 109.50526  18.246364
 109.50532  18.246342
 109.50538  18.246320
 109.50544  18.246298
 109.50550  18.246276
 109.50556  18.246254
 109.50562  18.246232
 109.50568  18.246210
 109.50574  18.246188
 109.50580  18.246166
 109.50586  18.246144
 109.50592  18.246122
 109.50598  18.246100
 109.50604  18.246078
 109.50610  18.246056
 109.50616  18.246034
 109.50622  18.246012
 109.50628  18.245990
 109.50634  18.245968
 109.50640  18.245946
 109.50646  18.245924
 109.50652  18.245902
 109.50658  18.245880
 109.50664  18.245858
 109.50670  18.245836
 109.50676  18.245814
 109.50682  18.245792
 109.50688  18.245770
 109.50694  18.245748
 109.50700  18.245726
 109.50706  18.245704
