 109.50038  18.256016
 109.50035  18.256006
 109.50032  18.255996
 109.50029  18.255986
 109.50026  18.255976
 109.50023  18.255966
 109.50020  18.255956
 109.50017  18.255946
 109.50014  18.255936
 109.50011  18.255926
 109.50008  18.255916
 109.50005  18.255906
 109.50002  18.255896
 109.49999  18.255886
 109.49996  18.255876
 109.49993  18.255866
 109.49990  18.255856
 109.49987  18.255846
 109.49984  18.255836
 109.49981  18.255826
 109.49978  18.255816
 109.49975  18.255806
 109.49972  18.255796
 109.49969  18.255786
 109.49966  18.255776
 109.49963  18.255766
 109.49960  18.255756
 109.49957  18.255746
 109.49954  18.255736
 109.49951  18.255726
 109.49948  18.255716
 109.49945  18.255706
 109.49942  18.255696
 109.49939  18.255686
 109.49936  18.255676
 109.49933  18.255666
 109.49930  18.255656
 109.49927  18.255646
 109.49924  18.255636
 109.49921  18.255626
 109.49918  18.255616
 109.49915  18.255606
 109.49912  18.255596
 109.49909  18.255586
 109.49906  18.255576
 109.49903  18.255566
 109.49900  18.255556
 109.49897  18.255546
 109.49894  18.255536
 109.49891  18.255526
 109.49888  18.255516
 109.49885  18.255506
 109.49882  18.255496
 109.49879  18.255486
 109.49876  18.255476
 109.49873  18.255466
 109.49870  18.255456
 109.49867  18.255446
 109.49864  18.255436
 109.49861  18.255426
 109.49858  18.255416
 109.49855  18.255406
 109.49852  18.255396
 109.49849  18.255386
 109.49846  18.255376
 109.49843  18.255366
 109.49840  18.255356
 109.49837  18.255346
 109.49834  18.255336
 109.49831  18.255326
 109.49828  18.255316
 109.49825  18.255306
 109.49822  18.255296
 109.49819  18.255286
 109.49816  18.255276
 109.49813  18.255266
 109.49810  18.255256
 109.49807  18.255246
 109.49804  18.255236
 109.49801  18.255226
 109.49798  18.255216
 109.49795  18.255206
 109.49792  18.255196
 109.49789  18.255186
 109.49786  18.255176
 109.49783  18.255166
 109.49780  18.255156
 109.49777  18.255146
 109.49774  18.255136
 109.49771  18.255126
 109.49768  18.255116
 109.49765  18.255106
 109.49762  18.255096
 109.49759  18.255086
 109.49756  18.255076
 109.49753  18.255066
 109.49750  18.255056
 109.49747  18.255046
 109.49744  18.255036
 109.49741  18.255026
 109.49738  18.255016
 109.49735  18.255006
 109.49732  18.254996
 109.49729  18.254986
 109.49726  18.254976
 109.49723  18.254966
 109.49720  18.254956
 109.49717  18.254946
 109.49714  18.254936
 109.49711  18.254926
 109.49708  18.254916
 109.49705  18.254906
 109.49702  18.254896
 109.49699  18.254886
 109.49696  18.254876
 109.49693  18.254866
 109.49690  18.254856
 109.49687  18.254846
 109.49684  18.254836
 109.49681  18.254826
