 109.50412  18.253970
 109.50412  18.253960
 109.50412  18.253950
 109.50412  18.253940
 109.50412  18.253930
 109.50413  18.253920
 109.50413  18.253910
 109.50413  18.253900
 109.50413  18.253890
 109.50413  18.253880
 109.50413  18.253870
 109.50413  18.253860
 109.50413  18.253850
 109.50413  18.253840
 109.50413  18.253830
 109.50414  18.253820
 109.50414  18.253810
 109.50414  18.253800
 109.50414  18.253790
 109.50414  18.253780
 109.50414  18.253770
 109.50414  18.253760
 109.50414  18.253750
 109.50414  18.253740
 109.50414  18.253730
 109.50414  18.253720
 109.50415  18.253710
 109.50415  18.253700
 109.50415  18.253690
 109.50415  18.253680
 109.50415  18.253670
 109.50415  18.253660
 109.50415  18.253650
 109.50415  18.253640
 109.50415  18.253630
 109.50416  18.253620
 109.50416  18.253610
 109.50416  18.253600
 109.50416  18.253590
 109.50416  18.253580
 109.50416  18.253570
 109.50416  18.253560
 109.50416  18.253550
 109.50416  18.253540
 109.50416  18.253530
 109.50417  18.253520
 109.50417  18.253510
 109.50417  18.253500
 109.50417  18.253490
 109.50417  18.253480
 109.50417  18.253470
 109.50417  18.253460
 109.50417  18.253450
 109.50417  18.253440
 109.50417  18.253430
 109.50418  18.253420
 109.50418  18.253410
 109.50418  18.253400
 109.50418  18.253390
 109.50418  18.253380
 109.50418  18.253370
 109.50418  18.253360
 109.50418  18.253350
 109.50418  18.253340
 109.50418  18.253330
 109.50419  18.253320
 109.50419  18.253310
 109.50419  18.253300
 109.50419  18.253290
 109.50419  18.253280
 109.50419  18.253270
 109.50419  18.253260
 109.50419  18.253250
 109.50419  18.253240
 109.50419  18.253230
 109.50420  18.253220
 109.50420  18.253210
 109.50420  18.253200
 109.50420  18.253190
 109.50420  18.253180
 109.50420  18.253170
 109.50420  18.253160
 109.50420  18.253150
 109.50420  18.253140
 109.50420  18.253130
 109.50421  18.253120
 109.50421  18.253110
 109.50421  18.253100
 109.50421  18.253090
 109.50421  18.253080
 109.50421  18.253070
 109.50421  18.253060
 109.50421  18.253050
 109.50421  18.253040
 109.50421  18.253030
 109.50422  18.253020
 109.50422  18.253010
 109.50422  18.253000
 109.50422  18.252990
 109.50422  18.252980
 109.50422  18.252970
 109.50422  18.252960
 109.50422  18.252950
 109.50422  18.252940
 109.50422  18.252930
 109.50423  18.252920
 109.50423  18.252910
 109.50423  18.252900
 109.50423  18.252890
 109.50423  18.252880
 109.50423  18.252870
 109.50423  18.252860
 109.50423  18.252850
 109.50423  18.252840
 109.50423  18.252830
 109.50423  18.252820
 109.50424  18.252810
 109.50424  18.252800
 109.50424  18.252790
 109.50424  18.252780
