 109.49688  18.254507
 109.49684  18.254500
 109.49680  18.254493
 109.49676  18.254486
 109.49672  18.254479
 109.49668  18.254472
 109.49664  18.254465
 109.49660  18.254458
 109.49656  18.254451
 109.49652  18.254444
 109.49648  18.254437
 109.49644  18.254430
 109.49640  18.254423
 109.49636  18.254416
 109.49632  18.254409
 109.49628  18.254402
 109.49624  18.254395
 109.49620  18.254388
 109.49616  18.254381
 109.49612  18.254374
 109.49608  18.254367
 109.49604  18.254360
 109.49600  18.254353
 109.49596  18.254346
 109.49592  18.254339
 109.49588  18.254332
 109.49584  18.254325
 109.49580  18.254318
 109.49576  18.254311
 109.49572  18.254304
 109.49568  18.254297
 109.49564  18.254290
 109.49560  18.254283
 109.49556  18.254276
 109.49552  18.254269
 109.49548  18.254262
 109.49544  18.254255
 109.49540  18.254248
 109.49536  18.254241
 109.49532  18.254234
 109.49528  18.254227
 109.49524  18.254220
 109.49520  18.254213
 109.49516  18.254206
 109.49512  18.254199
 109.49508  18.254192
 109.49504  18.254185
 109.49500  18.254178
 109.49496  18.254171
 109.49492  18.254164
 109.49488  18.254157
 109.49484  18.254150
 109.49480  18.254143
 109.49476  18.254136
 109.49472  18.254129
 109.49468  18.254122
 109.49464  18.254115
 109.49460  18.254108
 109.49456  18.254101
 109.49452  18.254094
 109.49448  18.254087
 109.49444  18.254080
 109.49440  18.254073
 109.49436  18.254066
 109.49432  18.254059
 109.49428  18.254052
 109.49424  18.254045
 109.49420  18.254038
 109.49416  18.254031
 109.49412  18.254024
 109.49408  18.254017
 109.49404  18.254010
 109.49400  18.254003
 109.49396  18.253996
 109.49392  18.253989
 109.49388  18.253982
 109.49384  18.253975
 109.49380  18.253968
 109.49376  18.253961
 109.49372  18.253954
 109.49368  18.253947
 109.49364  18.253940
 109.49360  18.253933
 109.49356  18.253926
 109.49352  18.253919
 109.49348  18.253912
 109.49344  18.253905
 109.49340  18.253898
 109.49336  18.253891
 109.49332  18.253884
 109.49328  18.253877
 109.49324  18.253870
 109.49320  18.253863
 109.49316  18.253856
 109.49312  18.253849
 109.49308  18.253842
 109.49304  18.253835
 109.49300  18.253828
 109.49296  18.253821
 109.49292  18.253814
 109.49288  18.253807
 109.49284  18.253800
 109.49280  18.253793
 109.49276  18.253786
 109.49272  18.253779
 109.49268  18.253772
 109.49264  18.253765
 109.49260  18.253758
 109.49256  18.253751
 109.49252  18.253744
 109.49248  18.253737
 109.49244  18.253730
 109.49240  18.253723
 109.49236  18.253716
 109.49232  18.253709
 109.49228  18.253702
 109.49224  18.253695
 109.49220  18.253688
 109.49216  18.253681
 109.49212  18.253674
