 109.50584  18.261124
 109.50579  18.261124
 109.50574  18.261124
 109.50569  18.261124
 109.50564  18.261124
 109.50559  18.261124
 109.50554  18.261124
 109.50549  18.261124
 109.50544  18.261124
 109.50539  18.261124
 109.50534  18.261124
 109.50529  18.261124
 109.50524  18.261124
 109.50519  18.261124
 109.50514  18.261124
 109.50509  18.261124
 109.50504  18.261124
 109.50499  18.261124
 109.50494  18.261124
 109.50489  18.261124
 109.50484  18.261124
 109.50479  18.261124
 109.50474  18.261124
 109.50469  18.261124
 109.50464  18.261124
 109.50459  18.261124
 109.50454  18.261124
 109.50449  18.261124
 109.50444  18.261124
 109.50439  18.261124
 109.50434  18.261124
 109.50429  18.261124
 109.50424  18.261124
 109.50419  18.261124
 109.50414  18.261124
 109.50409  18.261124
 109.50404  18.261124
 109.50399  18.261124
 109.50394  18.261124
 109.50389  18.261124
 109.50384  18.261124
 109.50379  18.261124
 109.50374  18.261124
 109.50369  18.261124
 109.50364  18.261124
 109.50359  18.261124
 109.50354  18.261124
 109.50349  18.261124
 109.50344  18.261124
 109.50339  18.261124
 109.50334  18.261124
 109.50329  18.261124
 109.50324  18.261124
 109.50319  18.261124
 109.50314  18.261124
 109.50309  18.261124
 109.50304  18.261124
 109.50299  18.261124
 109.50294  18.261124
 109.50289  18.261124
 109.50284  18.261124
 109.50279  18.261124
 109.50274  18.261124
 109.50269  18.261124
 109.50264  18.261124
 109.50259  18.261124
 109.50254  18.261124
 109.50249  18.261124
 109.50244  18.261124
 109.50239  18.261124
 109.50234  18.261124
 109.50229  18.261124
 109.50224  18.261124
 109.50219  18.261124
 109.50214  18.261124
 109.50209  18.261124
 109.50204  18.261124
 109.50199  18.261124
 109.50194  18.261124
 109.50189  18.261124
 109.50184  18.261124
 109.50179  18.261124
 109.50174  18.261124
 109.50169  18.261124
 109.50164  18.261124
 109.50159  18.261124
 109.50154  18.261124
 109.50149  18.261124
 109.50144  18.261124
 109.50139  18.261124
 109.50134  18.261124
 109.50129  18.261124
 109.50124  18.261124
 109.50119  18.261124
 109.50114  18.261124
 109.50109  18.261124
 109.50104  18.261124
 109.50099  18.261124
 109.50094  18.261124
 109.50089  18.261124
 109.50084  18.261124
 109.50079  18.261124
 109.50074  18.261124
 109.50069  18.261124
 109.50064  18.261124
 109.50059  18.261124
 109.50054  18.261124
 109.50049  18.261124
 109.50044  18.261124
 109.50039  18.261124
 109.50034  18.261124
 109.50029  18.261124
 109.50024  18.261124
 109.50019  18.261124
 109.50014  18.261124
 109.50009  18.261124
 109.50004  18.261124
 109.49999  18.261124
 109.49994  18.261124
 109.49989  18.261124
