 109.50457  18.248877
 109.50456  18.248947
 109.50455  18.249017
 109.50454  18.249087
 109.50453  18.249157
 109.50452  18.249227
 109.50451  18.249297
 109.50450  18.249367
 109.50449  18.249437
 109.50448  18.249507
 109.50447  18.249577
 109.50446  18.249647
 109.50445  18.249717
 109.50444  18.249787
 109.50443  18.249857
 109.50442  18.249927
 109.50441  18.249997
 109.50440  18.250067
 109.50439  18.250137
 109.50438  18.250207
 109.50437  18.250277
 109.50436  18.250347
 109.50435  18.250417
 109.50434  18.250487
 109.50433  18.250557
 109.50432  18.250627
 109.50431  18.250697
 109.50430  18.250767
 109.50429  18.250837
 109.50428  18.250907
 109.50427  18.250977
 109.50426  18.251047
 109.50425  18.251117
 109.50424  18.251187
 109.50423  18.251257
 109.50422  18.251327
 109.50421  18.251397
 109.50420  18.251467
 109.50419  18.251537
 109.50418  18.251607
 109.50417  18.251677
 109.50416  18.251747
 109.50415  18.251817
 109.50414  18.251887
 109.50413  18.251957
 109.50412  18.252027
 109.50411  18.252097
 109.50410  18.252167
 109.50409  18.252237
 109.50408  18.252307
 109.50407  18.252377
 109.50406  18.252447
 109.50405  18.252517
 109.50404  18.252587
 109.50403  18.252657
 109.50402  18.252727
 109.50401  18.252797
 109.50400  18.252867
 109.50399  18.252937
 109.50398  18.253007
 109.50397  18.253077
 109.50396  18.253147
 109.50395  18.253217
 109.50394  18.253287
 109.50393  18.253357
 109.50392  18.253427
 109.50391  18.253497
 109.50390  18.253567
 109.50389  18.253637
 109.50388  18.253707
 109.50387  18.253777
 109.50386  18.253847
 109.50385  18.253917
 109.50384  18.253987
 109.50383  18.254057
 109.50382  18.254127
 109.50381  18.254197
 109.50380  18.254267
 109.50379  18.254337
 109.50378  18.254407
 109.50377  18.254477
 109.50376  18.254547
 109.50375  18.254617
 109.50374  18.254687
 109.50373  18.254757
 109.50372  18.254827
 109.50371  18.254897
 109.50370  18.254967
 109.50369  18.255037
 109.50368  18.255107
 109.50367  18.255177
 109.50366  18.255247
 109.50365  18.255317
 109.50364  18.255387
 109.50363  18.255457
 109.50362  18.255527
 109.50361  18.255597
 109.50360  18.255667
 109.50359  18.255737
 109.50358  18.255807
 109.50357  18.255877
 109.50356  18.255947
 109.50355  18.256017
 109.50354  18.256087
 109.50353  18.256157
 109.50352  18.256227
 109.50351  18.256297
 109.50350  18.256367
 109.50349  18.256437
 109.50348  18.256507
 109.50347  18.256577
 109.50346  18.256647
 109.50345  18.256717
 109.50344  18.256787
 109.50343  18.256857
 109.50342  18.256927
 109.50341  18.256997
 109.50340  18.257067
 109.50339  18.257137
 109.50338  18.257207
