 109.50491  18.261541
 109.50481  18.261531
 109.50471  18.261521
 109.50461  18.261511
 109.50451  18.261501
 109.50441  18.261491
 109.50431  18.261481
 109.50421  18.261471
 109.50411  18.261461
 109.50401  18.261451
 109.50391  18.261441
 109.50381  18.261431
 109.50371  18.261421
 109.50361  18.261411
 109.50351  18.261401
 109.50341  18.261391
 109.50331  18.261381
 109.50321  18.261371
 109.50311  18.261361
 109.50301  18.261351
 109.50291  18.261341
 109.50281  18.261331
 109.50271  18.261321
 109.50261  18.261311
 109.50251  18.261301
 109.50241  18.261291
 109.50231  18.261281
 109.50221  18.261271
 109.50211  18.261261
 109.50201  18.261251
 109.50191  18.261241
 109.50181  18.261231
 109.50171  18.261221
 109.50161  18.261211
 109.50151  18.261201
 109.50141  18.261191
 109.50131  18.261181
 109.50121  18.261171
 109.50111  18.261161
 109.50101  18.261151
 109.50091  18.261141
 109.50081  18.261131
 109.50071  18.261121
 109.50061  18.261111
 109.50051  18.261101
 109.50041  18.261091
 109.50031  18.261081
 109.50021  18.261071
 109.50011  18.261061
 109.50001  18.261051
 109.49991  18.261041
 109.49981  18.261031
 109.49971  18.261021
 109.49961  18.261011
 109.49951  18.261001
 109.49941  18.260991
 109.49931  18.260981
 109.49921  18.260971
 109.49911  18.260961
 109.49901  18.260951
 109.49891  18.260941
 109.49881  18.260931
 109.49871  18.260921
 109.49861  18.260911
 109.49851  18.260901
 109.49841  18.260891
 109.49831  18.260881
 109.49821  18.260871
 109.49811  18.260861
 109.49801  18.260851
 109.49791  18.260841
 109.49781  18.260831
 109.49771  18.260821
 109.49761  18.260811
 109.49751  18.260801
 109.49741  18.260791
 109.49731  18.260781
 109.49721  18.260771
 109.49711  18.260761
 109.49701  18.260751
 109.49691  18.260741
 109.49681  18.260731
 109.49671  18.260721
 109.49661  18.260711
 109.49651  18.260701
 109.49641  18.260691
 109.49631  18.260681
 109.49621  18.260671
 109.49611  18.260661
 109.49601  18.260651
 109.49591  18.260641
 109.49581  18.260631
 109.49571  18.260621
 109.49561  18.260611
 109.49551  18.260601
 109.49541  18.260591
 109.49531  18.260581
 109.49521  18.260571
 109.49511  18.260561
 109.49501  18.260551
 109.49491  18.260541
 109.49481  18.260531
 109.49471  18.260521
 109.49461  18.260511
 109.49451  18.260501
 109.49441  18.260491
 109.49431  18.260481
 109.49421  18.260471
 109.49411  18.260461
 109.49401  18.260451
 109.49391  18.260441
 109.49381  18.260431
 109.49371  18.260421
 109.49361  18.260411
 109.49351  18.260401
 109.49341  18.260391
 109.49331  18.260381
 109.49321  18.260371
 109.49311  18.260361
 109.49301  18.260351
