 109.50520  18.246454
 109.50518  18.246453
 109.50516  18.246452
 109.50514  18.246451
 109.50512  18.246450
 109.50510  18.246449
 109.50508  18.246448
 109.50506  18.246447
 109.50504  18.246446
 109.50502  18.246445
 109.50500  18.246444
 109.50498  18.246443
 109.50496  18.246442
 109.50494  18.246441
 109.50492  18.246440
 109.50490  18.246439
 109.50488  18.246438
 109.50486  18.246437
 109.50484  18.246436
 109.50482  18.246435
 109.50480  18.246434
 109.50478  18.246433
 109.50476  18.246432
 109.50474  18.246431
 109.50472  18.246430
 109.50470  18.246429
 109.50468  18.246428
 109.50466  18.246427
 109.50464  18.246426
 109.50462  18.246425
 109.50460  18.246424
 109.50458  18.246423
 109.50456  18.246422
 109.50454  18.246421
 109.50452  18.246420
 109.50450  18.246419
 109.50448  18.246418
 109.50446  18.246417
 109.50444  18.246416
 109.50442  18.246415
 109.50440  18.246414
 109.50438  18.246413
 109.50436  18.246412
 109.50434  18.246411
 109.50432  18.246410
 109.50430  18.246409
 109.50428  18.246408
 109.50426  18.246407
 109.50424  18.246406
 109.50422  18.246405
 109.50420  18.246404
 109.50418  18.246403
 109.50416  18.246402
 109.50414  18.246401
 109.50412  18.246400
 109.50410  18.246399
 109.50408  18.246398
 109.50406  18.246397
 109.50404  18.246396
 109.50402  18.246395
 109.50400  18.246394
 109.50398  18.246393
 109.50396  18.246392
 109.50394  18.246391
 109.50392  18.246390
 109.50390  18.246389
 109.50388  18.246388
 109.50386  18.246387
 109.50384  18.246386
 109.50382  18.246385
 109.50380  18.246384
 109.50378  18.246383
 109.50376  18.246382
 109.50374  18.246381
 109.50372  18.246380
 109.50370  18.246379
 109.50368  18.246378
 109.50366  18.246377
 109.50364  18.246376
 109.50362  18.246375
 109.50360  18.246374
 109.50358  18.246373
 109.50356  18.246372
 109.50354  18.246371
 109.50352  18.246370
 109.50350  18.246369
 109.50348  18.246368
 109.50346  18.246367
 109.50344  18.246366
 109.50342  18.246365
 109.50340  18.246364
 109.50338  18.246363
 109.50336  18.246362
 109.50334  18.246361
 109.50332  18.246360
 109.50330  18.246359
 109.50328  18.246358
 109.50326  18.246357
 109.50324  18.246356
 109.50322  18.246355
 109.50320  18.246354
 109.50318  18.246353
 109.50316  18.246352
 109.50314  18.246351
 109.50312  18.246350
 109.50310  18.246349
 109.50308  18.246348
 109.50306  18.246347
 109.50304  18.246346
 109.50302  18.246345
 109.50300  18.246344
 109.50298  18.246343
 109.50296  18.246342
 109.50294  18.246341
 109.50292  18.246340
 109.50290  18.246339
 109.50288  18.246338
 109.50286  18.246337
 109.50284  18.246336
 109.50282  18.246335
