 109.50574  18.237452
 109.50574  18.237486
 109.50573  18.237520
 109.50573  18.237554
 109.50572  18.237588
 109.50572  18.237622
 109.50571  18.237656
 109.50571  18.237690
 109.50570  18.237724
 109.50570  18.237758
 109.50569  18.237792
 109.50569  18.237826
 109.50568  18.237860
 109.50568  18.237894
 109.50567  18.237928
 109.50566  18.237962
 109.50566  18.237996
 109.50566  18.238030
 109.50565  18.238064
 109.50565  18.238098
 109.50564  18.238132
 109.50564  18.238166
 109.50563  18.238200
 109.50562  18.238234
 109.50562  18.238268
 109.50562  18.238302
 109.50561  18.238336
 109.50561  18.238370
 109.50560  18.238404
 109.50560  18.238438
 109.50559  18.238472
 109.50559  18.238506
 109.50558  18.238540
 109.50557  18.238574
 109.50557  18.238608
 109.50557  18.238642
 109.50556  18.238676
 109.50556  18.238710
 109.50555  18.238744
 109.50555  18.238778
 109.50554  18.238812
 109.50553  18.238846
 109.50553  18.238880
 109.50553  18.238914
 109.50552  18.238948
 109.50552  18.238982
 109.50551  18.239016
 109.50551  18.239050
 109.50550  18.239084
 109.50550  18.239118
 109.50549  18.239152
 109.50548  18.239186
 109.50548  18.239220
 109.50548  18.239254
 109.50547  18.239288
 109.50547  18.239322
 109.50546  18.239356
 109.50546  18.239390
 109.50545  18.239424
 109.50544  18.239458
 109.50544  18.239492
 109.50544  18.239526
 109.50543  18.239560
 109.50543  18.239594
 109.50542  18.239628
 109.50542  18.239662
 109.50541  18.239696
 109.50541  18.239730
 109.50540  18.239764
 109.50539  18.239798
 109.50539  18.239832
 109.50539  18.239866
 109.50538  18.239900
 109.50538  18.239934
 109.50537  18.239968
 109.50537  18.240002
 109.50536  18.240036
 109.50535  18.240070
 109.50535  18.240104
 109.50535  18.240138
 109.50534  18.240172
 109.50534  18.240206
 109.50533  18.240240
 109.50533  18.240274
 109.50532  18.240308
 109.50532  18.240342
 109.50531  18.240376
 109.50531  18.240410
 109.50530  18.240444
 109.50530  18.240478
 109.50529  18.240512
 109.50529  18.240546
 109.50528  18.240580
 109.50528  18.240614
 109.50527  18.240648
 109.50526  18.240682
 109.50526  18.240716
 109.50526  18.240750
 109.50525  18.240784
 109.50525  18.240818
 109.50524  18.240852
 109.50524  18.240886
 109.50523  18.240920
 109.50523  18.240954
 109.50522  18.240988
 109.50522  18.241022
 109.50521  18.241056
 109.50521  18.241090
 109.50520  18.241124
 109.50520  18.241158
 109.50519  18.241192
 109.50519  18.241226
 109.50518  18.241260
 109.50517  18.241294
 109.50517  18.241328
 109.50517  18.241362
 109.50516  18.241396
 109.50516  18.241430
 109.50515  18.241464
 109.50515  18.241498
