 109.49957  18.257067
 109.49952  18.257064
 109.49947  18.257061
 109.49942  18.257058
 109.49937  18.257055
 109.49932  18.257052
 109.49927  18.257049
 109.49922  18.257046
 109.49917  18.257043
 109.49912  18.257040
 109.49907  18.257037
 109.49902  18.257034
 109.49897  18.257031
 109.49892  18.257028
 109.49887  18.257025
 109.49882  18.257022
 109.49877  18.257019
 109.49872  18.257016
 109.49867  18.257013
 109.49862  18.257010
 109.49857  18.257007
 109.49852  18.257004
 109.49847  18.257001
 109.49842  18.256998
 109.49837  18.256995
 109.49832  18.256992
 109.49827  18.256989
 109.49822  18.256986
 109.49817  18.256983
 109.49812  18.256980
 109.49807  18.256977
 109.49802  18.256974
 109.49797  18.256971
 109.49792  18.256968
 109.49787  18.256965
 109.49782  18.256962
 109.49777  18.256959
 109.49772  18.256956
 109.49767  18.256953
 109.49762  18.256950
 109.49757  18.256947
 109.49752  18.256944
 109.49747  18.256941
 109.49742  18.256938
 109.49737  18.256935
 109.49732  18.256932
 109.49727  18.256929
 109.49722  18.256926
 109.49717  18.256923
 109.49712  18.256920
 109.49707  18.256917
 109.49702  18.256914
 109.49697  18.256911
 109.49692  18.256908
 109.49687  18.256905
 109.49682  18.256902
 109.49677  18.256899
 109.49672  18.256896
 109.49667  18.256893
 109.49662  18.256890
 109.49657  18.256887
 109.49652  18.256884
 109.49647  18.256881
 109.49642  18.256878
 109.49637  18.256875
 109.49632  18.256872
 109.49627  18.256869
 109.49622  18.256866
 109.49617  18.256863
 109.49612  18.256860
 109.49607  18.256857
 109.49602  18.256854
 109.49597  18.256851
 109.49592  18.256848
 109.49587  18.256845
 109.49582  18.256842
 109.49577  18.256839
 109.49572  18.256836
 109.49567  18.256833
 109.49562  18.256830
 109.49557  18.256827
 109.49552  18.256824
 109.49547  18.256821
 109.49542  18.256818
 109.49537  18.256815
 109.49532  18.256812
 109.49527  18.256809
 109.49522  18.256806
 109.49517  18.256803
 109.49512  18.256800
 109.49507  18.256797
 109.49502  18.256794
 109.49497  18.256791
 109.49492  18.256788
 109.49487  18.256785
 109.49482  18.256782
 109.49477  18.256779
 109.49472  18.256776
 109.49467  18.256773
 109.49462  18.256770
 109.49457  18.256767
 109.49452  18.256764
 109.49447  18.256761
 109.49442  18.256758
 109.49437  18.256755
 109.49432  18.256752
 109.49427  18.256749
 109.49422  18.256746
 109.49417  18.256743
 109.49412  18.256740
 109.49407  18.256737
 109.49402  18.256734
 109.49397  18.256731
 109.49392  18.256728
 109.49387  18.256725
 109.49382  18.256722
 109.49377  18.256719
 109.49372  18.256716
 109.49367  18.256713
 109.49362  18.256710
