 109.50048  18.252731
 109.50043  18.252730
 109.50038  18.252729
 109.50033  18.252728
 109.50028  18.252727
 109.50023  18.252726
 109.50018  18.252725
 109.50013  18.252724
 109.50008  18.252723
 109.50003  18.252722
 109.49998  18.252721
 109.49993  18.252720
 109.49988  18.252719
 109.49983  18.252718
 109.49978  18.252717
 109.49973  18.252716
 109.49968  18.252715
 109.49963  18.252714
 109.49958  18.252713
 109.49953  18.252712
 109.49948  18.252711
 109.49943  18.252710
 109.49938  18.252709
 109.49933  18.252708
 109.49928  18.252707
 109.49923  18.252706
 109.49918  18.252705
 109.49913  18.252704
 109.49908  18.252703
 109.49903  18.252702
 109.49898  18.252701
 109.49893  18.252700
 109.49888  18.252699
 109.49883  18.252698
 109.49878  18.252697
 109.49873  18.252696
 109.49868  18.252695
 109.49863  18.252694
 109.49858  18.252693
 109.49853  18.252692
 109.49848  18.252691
 109.49843  18.252690
 109.49838  18.252689
 109.49833  18.252688
 109.49828  18.252687
 109.49823  18.252686
 109.49818  18.252685
 109.49813  18.252684
 109.49808  18.252683
 109.49803  18.252682
 109.49798  18.252681
 109.49793  18.252680
 109.49788  18.252679
 109.49783  18.252678
 109.49778  18.252677
 109.49773  18.252676
 109.49768  18.252675
 109.49763  18.252674
 109.49758  18.252673
 109.49753  18.252672
 109.49748  18.252671
 109.49743  18.252670
 109.49738  18.252669
 109.49733  18.252668
 109.49728  18.252667
 109.49723  18.252666
 109.49718  18.252665
 109.49713  18.252664
 109.49708  18.252663
 109.49703  18.252662
 109.49698  18.252661
 109.49693  18.252660
 109.49688  18.252659
 109.49683  18.252658
 109.49678  18.252657
 109.49673  18.252656
 109.49668  18.252655
 109.49663  18.252654
 109.49658  18.252653
 109.49653  18.252652
 109.49648  18.252651
 109.49643  18.252650
 109.49638  18.252649
 109.49633  18.252648
 109.49628  18.252647
 109.49623  18.252646
 109.49618  18.252645
 109.49613  18.252644
 109.49608  18.252643
 109.49603  18.252642
 109.49598  18.252641
 109.49593  18.252640
 109.49588  18.252639
 109.49583  18.252638
 109.49578  18.252637
 109.49573  18.252636
 109.49568  18.252635
 109.49563  18.252634
 109.49558  18.252633
 109.49553  18.252632
 109.49548  18.252631
 109.49543  18.252630
 109.49538  18.252629
 109.49533  18.252628
 109.49528  18.252627
 109.49523  18.252626
 109.49518  18.252625
 109.49513  18.252624
 109.49508  18.252623
 109.49503  18.252622
 109.49498  18.252621
 109.49493  18.252620
 109.49488  18.252619
 109.49483  18.252618
 109.49478  18.252617
 109.49473  18.252616
 109.49468  18.252615
 109.49463  18.252614
 109.49458  18.252613
 109.49453  18.252612
