 109.50182  18.257784
 109.50175  18.257780
 109.50168  18.257776
 109.50161  18.257772
 109.50154  18.257768
 109.50147  18.257764
 109.50140  18.257760
 109.50133  18.257756
 109.50126  18.257752
 109.50119  18.257748
 109.50112  18.257744
 109.50105  18.257740
 109.50098  18.257736
 109.50091  18.257732
 109.50084  18.257728
 109.50077  18.257724
 109.50070  18.257720
 109.50063  18.257716
 109.50056  18.257712
 109.50049  18.257708
 109.50042  18.257704
 109.50035  18.257700
 109.50028  18.257696
 109.50021  18.257692
 109.50014  18.257688
 109.50007  18.257684
 109.50000  18.257680
 109.49993  18.257676
 109.49986  18.257672
 109.49979  18.257668
 109.49972  18.257664
 109.49965  18.257660
 109.49958  18.257656
 109.49951  18.257652
 109.49944  18.257648
 109.49937  18.257644
 109.49930  18.257640
 109.49923  18.257636
 109.49916  18.257632
 109.49909  18.257628
 109.49902  18.257624
 109.49895  18.257620
 109.49888  18.257616
 109.49881  18.257612
 109.49874  18.257608
 109.49867  18.257604
 109.49860  18.257600
 109.49853  18.257596
 109.49846  18.257592
 109.49839  18.257588
 109.49832  18.257584
 109.49825  18.257580
 109.49818  18.257576
 109.49811  18.257572
 109.49804  18.257568
 109.49797  18.257564
 109.49790  18.257560
 109.49783  18.257556
 109.49776  18.257552
 109.49769  18.257548
 109.49762  18.257544
 109.49755  18.257540
 109.49748  18.257536
 109.49741  18.257532
 109.49734  18.257528
 109.49727  18.257524
 109.49720  18.257520
 109.49713  18.257516
 109.49706  18.257512
 109.49699  18.257508
 109.49692  18.257504
 109.49685  18.257500
 109.49678  18.257496
 109.49671  18.257492
 109.49664  18.257488
 109.49657  18.257484
 109.49650  18.257480
 109.49643  18.257476
 109.49636  18.257472
 109.49629  18.257468
 109.49622  18.257464
 109.49615  18.257460
 109.49608  18.257456
 109.49601  18.257452
 109.49594  18.257448
 109.49587  18.257444
 109.49580  18.257440
 109.49573  18.257436
 109.49566  18.257432
 109.49559  18.257428
 109.49552  18.257424
 109.49545  18.257420
 109.49538  18.257416
 109.49531  18.257412
 109.49524  18.257408
 109.49517  18.257404
 109.49510  18.257400
 109.49503  18.257396
 109.49496  18.257392
 109.49489  18.257388
 109.49482  18.257384
 109.49475  18.257380
 109.49468  18.257376
 109.49461  18.257372
 109.49454  18.257368
 109.49447  18.257364
 109.49440  18.257360
 109.49433  18.257356
 109.49426  18.257352
 109.49419  18.257348
 109.49412  18.257344
 109.49405  18.257340
 109.49398  18.257336
 109.49391  18.257332
 109.49384  18.257328
 109.49377  18.257324
 109.49370  18.257320
 109.49363  18.257316
 109.49356  18.257312
 109.49349  18.257308
