 109.49651  18.255806
 109.49648  18.255803
 109.49645  18.255800
 109.49642  18.255797
 109.49639  18.255794
 109.49636  18.255791
 109.49633  18.255788
 109.49630  18.255785
 109.49627  18.255782
 109.49624  18.255779
 109.49621  18.255776
 109.49618  18.255773
 109.49615  18.255770
 109.49612  18.255767
 109.49609  18.255764
 109.49606  18.255761
 109.49603  18.255758
 109.49600  18.255755
 109.49597  18.255752
 109.49594  18.255749
 109.49591  18.255746
 109.49588  18.255743
 109.49585  18.255740
 109.49582  18.255737
 109.49579  18.255734
 109.49576  18.255731
 109.49573  18.255728
 109.49570  18.255725
 109.49567  18.255722
 109.49564  18.255719
 109.49561  18.255716
 109.49558  18.255713
 109.49555  18.255710
 109.49552  18.255707
 109.49549  18.255704
 109.49546  18.255701
 109.49543  18.255698
 109.49540  18.255695
 109.49537  18.255692
 109.49534  18.255689
 109.49531  18.255686
 109.49528  18.255683
 109.49525  18.255680
 109.49522  18.255677
 109.49519  18.255674
 109.49516  18.255671
 109.49513  18.255668
 109.49510  18.255665
 109.49507  18.255662
 109.49504  18.255659
 109.49501  18.255656
 109.49498  18.255653
 109.49495  18.255650
 109.49492  18.255647
 109.49489  18.255644
 109.49486  18.255641
 109.49483  18.255638
 109.49480  18.255635
 109.49477  18.255632
 109.49474  18.255629
 109.49471  18.255626
 109.49468  18.255623
 109.49465  18.255620
 109.49462  18.255617
 109.49459  18.255614
 109.49456  18.255611
 109.49453  18.255608
 109.49450  18.255605
 109.49447  18.255602
 109.49444  18.255599
 109.49441  18.255596
 109.49438  18.255593
 109.49435  18.255590
 109.49432  18.255587
 109.49429  18.255584
 109.49426  18.255581
 109.49423  18.255578
 109.49420  18.255575
 109.49417  18.255572
 109.49414  18.255569
 109.49411  18.255566
 109.49408  18.255563
 109.49405  18.255560
 109.49402  18.255557
 109.49399  18.255554
 109.49396  18.255551
 109.49393  18.255548
 109.49390  18.255545
 109.49387  18.255542
 109.49384  18.255539
 109.49381  18.255536
 109.49378  18.255533
 109.49375  18.255530
 109.49372  18.255527
 109.49369  18.255524
 109.49366  18.255521
 109.49363  18.255518
 109.49360  18.255515
 109.49357  18.255512
 109.49354  18.255509
 109.49351  18.255506
 109.49348  18.255503
 109.49345  18.255500
 109.49342  18.255497
 109.49339  18.255494
 109.49336  18.255491
 109.49333  18.255488
 109.49330  18.255485
 109.49327  18.255482
 109.49324  18.255479
 109.49321  18.255476
 109.49318  18.255473
 109.49315  18.255470
 109.49312  18.255467
 109.49309  18.255464
 109.49306  18.255461
 109.49303  18.255458
 109.49300  18.255455
 109.49297  18.255452
 109.49294  18.255449
