 109.50249  18.242878
 109.50245  18.242870
 109.50241  18.242862
 109.50237  18.242854
 109.50233  18.242846
 109.50229  18.242838
 109.50225  18.242830
 109.50221  18.242822
 109.50217  18.242814
 109.50213  18.242806
 109.50209  18.242798
 109.50205  18.242790
 109.50201  18.242782
 109.50197  18.242774
 109.50193  18.242766
 109.50189  18.242758
 109.50185  18.242750
 109.50181  18.242742
 109.50177  18.242734
 109.50173  18.242726
 109.50169  18.242718
 109.50165  18.242710
 109.50161  18.242702
 109.50157  18.242694
 109.50153  18.242686
 109.50149  18.242678
 109.50145  18.242670
 109.50141  18.242662
 109.50137  18.242654
 109.50133  18.242646
 109.50129  18.242638
 109.50125  18.242630
 109.50121  18.242622
 109.50117  18.242614
 109.50113  18.242606
 109.50109  18.242598
 109.50105  18.242590
 109.50101  18.242582
 109.50097  18.242574
 109.50093  18.242566
 109.50089  18.242558
 109.50085  18.242550
 109.50081  18.242542
 109.50077  18.242534
 109.50073  18.242526
 109.50069  18.242518
 109.50065  18.242510
 109.50061  18.242502
 109.50057  18.242494
 109.50053  18.242486
 109.50049  18.242478
 109.50045  18.242470
 109.50041  18.242462
 109.50037  18.242454
 109.50033  18.242446
 109.50029  18.242438
 109.50025  18.242430
 109.50021  18.242422
 109.50017  18.242414
 109.50013  18.242406
 109.50009  18.242398
 109.50005  18.242390
 109.50001  18.242382
 109.49997  18.242374
 109.49993  18.242366
 109.49989  18.242358
 109.49985  18.242350
 109.49981  18.242342
 109.49977  18.242334
 109.49973  18.242326
 109.49969  18.242318
 109.49965  18.242310
 109.49961  18.242302
 109.49957  18.242294
 109.49953  18.242286
 109.49949  18.242278
 109.49945  18.242270
 109.49941  18.242262
 109.49937  18.242254
 109.49933  18.242246
 109.49929  18.242238
 109.49925  18.242230
 109.49921  18.242222
 109.49917  18.242214
 109.49913  18.242206
 109.49909  18.242198
 109.49905  18.242190
 109.49901  18.242182
 109.49897  18.242174
 109.49893  18.242166
 109.49889  18.242158
 109.49885  18.242150
 109.49881  18.242142
 109.49877  18.242134
 109.49873  18.242126
 109.49869  18.242118
 109.49865  18.242110
 109.49861  18.242102
 109.49857  18.242094
 109.49853  18.242086
 109.49849  18.242078
 109.49845  18.242070
 109.49841  18.242062
 109.49837  18.242054
 109.49833  18.242046
 109.49829  18.242038
 109.49825  18.242030
 109.49821  18.242022
 109.49817  18.242014
 109.49813  18.242006
 109.49809  18.241998
 109.49805  18.241990
 109.49801  18.241982
 109.49797  18.241974
 109.49793  18.241966
 109.49789  18.241958
 109.49785  18.241950
 109.49781  18.241942
 109.49777  18.241934
 109.49773  18.241926
