 109.49857  18.251165
 109.49858  18.251175
 109.49859  18.251185
 109.49859  18.251195
 109.49860  18.251205
 109.49861  18.251215
 109.49862  18.251225
 109.49863  18.251235
 109.49863  18.251245
 109.49864  18.251255
 109.49865  18.251265
 109.49866  18.251275
 109.49867  18.251285
 109.49867  18.251295
 109.49868  18.251305
 109.49869  18.251315
 109.49870  18.251325
 109.49871  18.251335
 109.49871  18.251345
 109.49872  18.251355
 109.49873  18.251365
 109.49874  18.251375
 109.49875  18.251385
 109.49875  18.251395
 109.49876  18.251405
 109.49877  18.251415
 109.49878  18.251425
 109.49879  18.251435
 109.49879  18.251445
 109.49880  18.251455
 109.49881  18.251465
 109.49882  18.251475
 109.49883  18.251485
 109.49883  18.251495
 109.49884  18.251505
 109.49885  18.251515
 109.49886  18.251525
 109.49887  18.251535
 109.49887  18.251545
 109.49888  18.251555
 109.49889  18.251565
 109.49890  18.251575
 109.49891  18.251585
 109.49891  18.251595
 109.49892  18.251605
 109.49893  18.251615
 109.49894  18.251625
 109.49895  18.251635
 109.49895  18.251645
 109.49896  18.251655
 109.49897  18.251665
 109.49898  18.251675
 109.49899  18.251685
 109.49899  18.251695
 109.49900  18.251705
 109.49901  18.251715
 109.49902  18.251725
 109.49903  18.251735
 109.49903  18.251745
 109.49904  18.251755
 109.49905  18.251765
 109.49906  18.251775
 109.49907  18.251785
 109.49907  18.251795
 109.49908  18.251805
 109.49909  18.251815
 109.49910  18.251825
 109.49911  18.251835
 109.49911  18.251845
 109.49912  18.251855
 109.49913  18.251865
 109.49914  18.251875
 109.49915  18.251885
 109.49915  18.251895
 109.49916  18.251905
 109.49917  18.251915
 109.49918  18.251925
 109.49919  18.251935
 109.49919  18.251945
 109.49920  18.251955
 109.49921  18.251965
 109.49922  18.251975
 109.49923  18.251985
 109.49923  18.251995
 109.49924  18.252005
 109.49925  18.252015
 109.49926  18.252025
 109.49927  18.252035
 109.49927  18.252045
 109.49928  18.252055
 109.49929  18.252065
 109.49930  18.252075
 109.49931  18.252085
 109.49931  18.252095
 109.49932  18.252105
 109.49933  18.252115
 109.49934  18.252125
 109.49935  18.252135
 109.49935  18.252145
 109.49936  18.252155
 109.49937  18.252165
 109.49938  18.252175
 109.49939  18.252185
 109.49939  18.252195
 109.49940  18.252205
 109.49941  18.252215
 109.49942  18.252225
 109.49943  18.252235
 109.49943  18.252245
 109.49944  18.252255
 109.49945  18.252265
 109.49946  18.252275
 109.49947  18.252285
 109.49947  18.252295
 109.49948  18.252305
 109.49949  18.252315
 109.49950  18.252325
 109.49951  18.252335
 109.49951  18.252345
 109.49952  18.252355
