 109.49889  18.261791
 109.49891  18.261790
 109.49893  18.261789
 109.49895  18.261788
 109.49897  18.261787
 109.49899  18.261786
 109.49901  18.261785
 109.49903  18.261784
 109.49905  18.261783
 109.49907  18.261782
 109.49909  18.261781
 109.49911  18.261780
 109.49913  18.261779
 109.49915  18.261778
 109.49917  18.261777
 109.49919  18.261776
 109.49921  18.261775
 109.49923  18.261774
 109.49925  18.261773
 109.49927  18.261772
 109.49929  18.261771
 109.49931  18.261770
 109.49933  18.261769
 109.49935  18.261768
 109.49937  18.261767
 109.49939  18.261766
 109.49941  18.261765
 109.49943  18.261764
 109.49945  18.261763
 109.49947  18.261762
 109.49949  18.261761
 109.49951  18.261760
 109.49953  18.261759
 109.49955  18.261758
 109.49957  18.261757
 109.49959  18.261756
 109.49961  18.261755
 109.49963  18.261754
 109.49965  18.261753
 109.49967  18.261752
 109.49969  18.261751
 109.49971  18.261750
 109.49973  18.261749
 109.49975  18.261748
 109.49977  18.261747
 109.49979  18.261746
 109.49981  18.261745
 109.49983  18.261744
 109.49985  18.261743
 109.49987  18.261742
 109.49989  18.261741
 109.49991  18.261740
 109.49993  18.261739
 109.49995  18.261738
 109.49997  18.261737
 109.49999  18.261736
 109.50001  18.261735
 109.50003  18.261734
 109.50005  18.261733
 109.50007  18.261732
 109.50009  18.261731
 109.50011  18.261730
 109.50013  18.261729
 109.50015  18.261728
 109.50017  18.261727
 109.50019  18.261726
 109.50021  18.261725
 109.50023  18.261724
 109.50025  18.261723
 109.50027  18.261722
 109.50029  18.261721
 109.50031  18.261720
 109.50033  18.261719
 109.50035  18.261718
 109.50037  18.261717
 109.50039  18.261716
 109.50041  18.261715
 109.50043  18.261714
 109.50045  18.261713
 109.50047  18.261712
 109.50049  18.261711
 109.50051  18.261710
 109.50053  18.261709
 109.50055  18.261708
 109.50057  18.261707
 109.50059  18.261706
 109.50061  18.261705
 109.50063  18.261704
 109.50065  18.261703
 109.50067  18.261702
 109.50069  18.261701
 109.50071  18.261700
 109.50073  18.261699
 109.50075  18.261698
 109.50077  18.261697
 109.50079  18.261696
 109.50081  18.261695
 109.50083  18.261694
 109.50085  18.261693
 109.50087  18.261692
 109.50089  18.261691
 109.50091  18.261690
 109.50093  18.261689
 109.50095  18.261688
 109.50097  18.261687
 109.50099  18.261686
 109.50101  18.261685
 109.50103  18.261684
 109.50105  18.261683
 109.50107  18.261682
 109.50109  18.261681
 109.50111  18.261680
 109.50113  18.261679
 109.50115  18.261678
 109.50117  18.261677
 109.50119  18.261676
 109.50121  18.261675
 109.50123  18.261674
 109.50125  18.261673
 109.50127  18.261672
