 109.50002  18.252726
 109.50019  18.252281
 109.50035  18.251836
 109.50052  18.251392
 109.50069  18.250947
 109.50086  18.250502
 109.50102  18.250057
 109.50119  18.249612
 109.50136  18.249168
 109.50152  18.248723
 109.50169  18.248278
 109.50186  18.247833
 109.50202  18.247388
 109.50219  18.246944
 109.50236  18.246499
 109.50253  18.246054
 109.50269  18.245609
 109.50286  18.245164
 109.50303  18.244720
 109.50319  18.244275
 109.50336  18.243830
 109.50353  18.243385
 109.50369  18.242940
 109.50386  18.242496
 109.50403  18.242051
 109.50420  18.241606
 109.50436  18.241161
 109.50453  18.240716
 109.50470  18.240272
 109.50486  18.239827
 109.50503  18.239382
 109.50520  18.238937
 109.50536  18.238492
 109.50553  18.238048
 109.50570  18.237603
 109.50587  18.237158
 109.50603  18.236713
 109.50620  18.236268
 109.50637  18.235824
 109.50653  18.235379
 109.50670  18.234934
 109.50687  18.234489
 109.50703  18.234044
 109.50720  18.233600
 109.50737  18.233155
 109.50754  18.232710
 109.50770  18.232265
 109.50787  18.231820
 109.50804  18.231376
 109.50820  18.230931
 109.50837  18.230486
 109.50854  18.230041
 109.50870  18.229596
 109.50887  18.229152
 109.50904  18.228707
 109.50920  18.228262
 109.50937  18.227817
 109.50954  18.227372
 109.50971  18.226928
 109.50987  18.226483
 109.51004  18.226038
 109.51021  18.225593
 109.51037  18.225148
 109.51054  18.224704
 109.51071  18.224259
 109.51087  18.223814
 109.51104  18.223369
 109.51121  18.222924
 109.51138  18.222480
 109.51154  18.222035
 109.51171  18.221590
 109.51188  18.221145
 109.51204  18.220700
 109.51221  18.220256
 109.51238  18.219811
 109.51254  18.219366
 109.51271  18.218921
 109.51288  18.218476
 109.51305  18.218032
 109.51321  18.217587
 109.51338  18.217142
 109.51355  18.216697
 109.51371  18.216252
 109.51388  18.215808
 109.51405  18.215363
 109.51421  18.214918
 109.51438  18.214473
 109.51455  18.214028
 109.51472  18.213584
 109.51488  18.213139
 109.51505  18.212694
 109.51522  18.212249
 109.51538  18.211804
 109.51555  18.211360
 109.51572  18.210915
 109.51588  18.210470
 109.51605  18.210025
 109.51622  18.209580
 109.51639  18.209136
 109.51655  18.208691
 109.51672  18.208246
 109.51689  18.207801
 109.51705  18.207356
 109.51722  18.206912
 109.51739  18.206467
 109.51755  18.206022
 109.51772  18.205577
 109.51789  18.205132
 109.51806  18.204688
 109.51822  18.204243
 109.51839  18.203798
 109.51856  18.203353
 109.51872  18.202908
 109.51889  18.202464
 109.51906  18.202019
 109.51922  18.201574
 109.51939  18.201129
 109.51956  18.200684
 109.51973  18.200240
 109.51989  18.199795
