 109.49876  18.260876
 109.49871  18.260870
 109.49866  18.260864
 109.49861  18.260858
 109.49856  18.260852
 109.49851  18.260846
 109.49846  18.260840
 109.49841  18.260834
 109.49836  18.260828
 109.49831  18.260822
 109.49826  18.260816
 109.49821  18.260810
 109.49816  18.260804
 109.49811  18.260798
 109.49806  18.260792
 109.49801  18.260786
 109.49796  18.260780
 109.49791  18.260774
 109.49786  18.260768
 109.49781  18.260762
 109.49776  18.260756
 109.49771  18.260750
 109.49766  18.260744
 109.49761  18.260738
 109.49756  18.260732
 109.49751  18.260726
 109.49746  18.260720
 109.49741  18.260714
 109.49736  18.260708
 109.49731  18.260702
 109.49726  18.260696
 109.49721  18.260690
 109.49716  18.260684
 109.49711  18.260678
 109.49706  18.260672
 109.49701  18.260666
 109.49696  18.260660
 109.49691  18.260654
 109.49686  18.260648
 109.49681  18.260642
 109.49676  18.260636
 109.49671  18.260630
 109.49666  18.260624
 109.49661  18.260618
 109.49656  18.260612
 109.49651  18.260606
 109.49646  18.260600
 109.49641  18.260594
 109.49636  18.260588
 109.49631  18.260582
 109.49626  18.260576
 109.49621  18.260570
 109.49616  18.260564
 109.49611  18.260558
 109.49606  18.260552
 109.49601  18.260546
 109.49596  18.260540
 109.49591  18.260534
 109.49586  18.260528
 109.49581  18.260522
 109.49576  18.260516
 109.49571  18.260510
 109.49566  18.260504
 109.49561  18.260498
 109.49556  18.260492
 109.49551  18.260486
 109.49546  18.260480
 109.49541  18.260474
 109.49536  18.260468
 109.49531  18.260462
 109.49526  18.260456
 109.49521  18.260450
 109.49516  18.260444
 109.49511  18.260438
 109.49506  18.260432
 109.49501  18.260426
 109.49496  18.260420
 109.49491  18.260414
 109.49486  18.260408
 109.49481  18.260402
 109.49476  18.260396
 109.49471  18.260390
 109.49466  18.260384
 109.49461  18.260378
 109.49456  18.260372
 109.49451  18.260366
 109.49446  18.260360
 109.49441  18.260354
 109.49436  18.260348
 109.49431  18.260342
 109.49426  18.260336
 109.49421  18.260330
 109.49416  18.260324
 109.49411  18.260318
 109.49406  18.260312
 109.49401  18.260306
 109.49396  18.260300
 109.49391  18.260294
 109.49386  18.260288
 109.49381  18.260282
 109.49376  18.260276
 109.49371  18.260270
 109.49366  18.260264
 109.49361  18.260258
 109.49356  18.260252
 109.49351  18.260246
 109.49346  18.260240
 109.49341  18.260234
 109.49336  18.260228
 109.49331  18.260222
 109.49326  18.260216
 109.49321  18.260210
 109.49316  18.260204
 109.49311  18.260198
 109.49306  18.260192
 109.49301  18.260186
 109.49296  18.260180
 109.49291  18.260174
 109.49286  18.260168
 109.49281  18.260162
