 109.49712  18.248417
 109.49713  18.248517
 109.49714  18.248617
 109.49715  18.248717
 109.49716  18.248817
 109.49717  18.248917
 109.49718  18.249017
 109.49719  18.249117
 109.49720  18.249217
 109.49721  18.249317
 109.49722  18.249417
 109.49723  18.249517
 109.49724  18.249617
 109.49725  18.249717
 109.49726  18.249817
 109.49727  18.249917
 109.49728  18.250017
 109.49729  18.250117
 109.49730  18.250217
 109.49731  18.250317
 109.49732  18.250417
 109.49733  18.250517
 109.49734  18.250617
 109.49735  18.250717
 109.49736  18.250817
 109.49737  18.250917
 109.49738  18.251017
 109.49739  18.251117
 109.49740  18.251217
 109.49741  18.251317
 109.49742  18.251417
 109.49743  18.251517
 109.49744  18.251617
 109.49745  18.251717
 109.49746  18.251817
 109.49747  18.251917
 109.49748  18.252017
 109.49749  18.252117
 109.49750  18.252217
 109.49751  18.252317
 109.49752  18.252417
 109.49753  18.252517
 109.49754  18.252617
 109.49755  18.252717
 109.49756  18.252817
 109.49757  18.252917
 109.49758  18.253017
 109.49759  18.253117
 109.49760  18.253217
 109.49761  18.253317
 109.49762  18.253417
 109.49763  18.253517
 109.49764  18.253617
 109.49765  18.253717
 109.49766  18.253817
 109.49767  18.253917
 109.49768  18.254017
 109.49769  18.254117
 109.49770  18.254217
 109.49771  18.254317
 109.49772  18.254417
 109.49773  18.254517
 109.49774  18.254617
 109.49775  18.254717
 109.49776  18.254817
 109.49777  18.254917
 109.49778  18.255017
 109.49779  18.255117
 109.49780  18.255217
 109.49781  18.255317
 109.49782  18.255417
 109.49783  18.255517
 109.49784  18.255617
 109.49785  18.255717
 109.49786  18.255817
 109.49787  18.255917
 109.49788  18.256017
 109.49789  18.256117
 109.49790  18.256217
 109.49791  18.256317
 109.49792  18.256417
 109.49793  18.256517
 109.49794  18.256617
 109.49795  18.256717
 109.49796  18.256817
 109.49797  18.256917
 109.49798  18.257017
 109.49799  18.257117
 109.49800  18.257217
 109.49801  18.257317
 109.49802  18.257417
 109.49803  18.257517
 109.49804  18.257617
 109.49805  18.257717
 109.49806  18.257817
 109.49807  18.257917
 109.49808  18.258017
 109.49809  18.258117
 109.49810  18.258217
 109.49811  18.258317
 109.49812  18.258417
 109.49813  18.258517
 109.49814  18.258617
 109.49815  18.258717
 109.49816  18.258817
 109.49817  18.258917
 109.49818  18.259017
 109.49819  18.259117
 109.49820  18.259217
 109.49821  18.259317
 109.49822  18.259417
 109.49823  18.259517
 109.49824  18.259617
 109.49825  18.259717
 109.49826  18.259817
 109.49827  18.259917
 109.49828  18.260017
 109.49829  18.260117
 109.49830  18.260217
 109.49831  18.260317
