 109.50442  18.250528
 109.50452  18.250528
 109.50462  18.250528
 109.50472  18.250528
 109.50482  18.250528
 109.50492  18.250528
 109.50502  18.250528
 109.50512  18.250528
 109.50522  18.250528
 109.50532  18.250528
 109.50542  18.250528
 109.50552  18.250528
 109.50562  18.250528
 109.50572  18.250528
 109.50582  18.250528
 109.50592  18.250528
 109.50602  18.250528
 109.50612  18.250528
 109.50622  18.250528
 109.50632  18.250528
 109.50642  18.250528
 109.50652  18.250528
 109.50662  18.250528
 109.50672  18.250528
 109.50682  18.250528
 109.50692  18.250528
 109.50702  18.250528
 109.50712  18.250528
 109.50722  18.250528
 109.50732  18.250528
 109.50742  18.250528
 109.50752  18.250528
 109.50762  18.250528
 109.50772  18.250528
 109.50782  18.250528
 109.50792  18.250528
 109.50802  18.250528
 109.50812  18.250528
 109.50822  18.250528
 109.50832  18.250528
 109.50842  18.250528
 109.50852  18.250528
 109.50862  18.250528
 109.50872  18.250528
 109.50882  18.250528
 109.50892  18.250528
 109.50902  18.250528
 109.50912  18.250528
 109.50922  18.250528
 109.50932  18.250528
 109.50942  18.250528
 109.50952  18.250528
 109.50962  18.250528
 109.50972  18.250528
 109.50982  18.250528
 109.50992  18.250528
 109.51002  18.250528
 109.51012  18.250528
 109.51022  18.250528
 109.51032  18.250528
 109.51042  18.250528
 109.51052  18.250528
 109.51062  18.250528
 109.51072  18.250528
 109.51082  18.250528
 109.51092  18.250528
 109.51102  18.250528
 109.51112  18.250528
 109.51122  18.250528
 109.51132  18.250528
 109.51142  18.250528
 109.51152  18.250528
 109.51162  18.250528
 109.51172  18.250528
 109.51182  18.250528
 109.51192  18.250528
 109.51202  18.250528
 109.51212  18.250528
 109.51222  18.250528
 109.51232  18.250528
 109.51242  18.250528
 109.51252  18.250528
 109.51262  18.250528
 109.51272  18.250528
 109.51282  18.250528
 109.51292  18.250528
 109.51302  18.250528
 109.51312  18.250528
 109.51322  18.250528
 109.51332  18.250528
 109.51342  18.250528
 109.51352  18.250528
 109.51362  18.250528
 109.51372  18.250528
 109.51382  18.250528
 109.51392  18.250528
 109.51402  18.250528
 109.51412  18.250528
 109.51422  18.250528
 109.51432  18.250528
 109.51442  18.250528
 109.51452  18.250528
 109.51462  18.250528
 109.51472  18.250528
 109.51482  18.250528
 109.51492  18.250528
 109.51502  18.250528
 109.51512  18.250528
 109.51522  18.250528
 109.51532  18.250528
 109.51542  18.250528
 109.51552  18.250528
 109.51562  18.250528
 109.51572  18.250528
 109.51582  18.250528
 109.51592  18.250528
 109.51602  18.250528
 109.51612  18.250528
 109.51622  18.250528
 109.51632  18.250528
