 109.49824  18.261683
 109.49826  18.261713
 109.49828  18.261743
 109.49830  18.261773
 109.49832  18.261803
 109.49834  18.261833
 109.49836  18.261863
 109.49838  18.261893
 109.49840  18.261923
 109.49842  18.261953
 109.49844  18.261983
 109.49846  18.262013
 109.49848  18.262043
 109.49850  18.262073
 109.49852  18.262103
 109.49854  18.262133
 109.49856  18.262163
 109.49858  18.262193
 109.49860  18.262223
 109.49862  18.262253
 109.49864  18.262283
 109.49866  18.262313
 109.49868  18.262343
 109.49870  18.262373
 109.49872  18.262403
 109.49874  18.262433
 109.49876  18.262463
 109.49878  18.262493
 109.49880  18.262523
 109.49882  18.262553
 109.49884  18.262583
 109.49886  18.262613
 109.49888  18.262643
 109.49890  18.262673
 109.49892  18.262703
 109.49894  18.262733
 109.49896  18.262763
 109.49898  18.262793
 109.49900  18.262823
 109.49902  18.262853
 109.49904  18.262883
 109.49906  18.262913
 109.49908  18.262943
 109.49910  18.262973
 109.49912  18.263003
 109.49914  18.263033
 109.49916  18.263063
 109.49918  18.263093
 109.49920  18.263123
 109.49922  18.263153
 109.49924  18.263183
 109.49926  18.263213
 109.49928  18.263243
 109.49930  18.263273
 109.49932  18.263303
 109.49934  18.263333
 109.49936  18.263363
 109.49938  18.263393
 109.49940  18.263423
 109.49942  18.263453
 109.49944  18.263483
 109.49946  18.263513
 109.49948  18.263543
 109.49950  18.263573
 109.49952  18.263603
 109.49954  18.263633
 109.49956  18.263663
 109.49958  18.263693
 109.49960  18.263723
 109.49962  18.263753
 109.49964  18.263783
 109.49966  18.263813
 109.49968  18.263843
 109.49970  18.263873
 109.49972  18.263903
 109.49974  18.263933
 109.49976  18.263963
 109.49978  18.263993
 109.49980  18.264023
 109.49982  18.264053
 109.49984  18.264083
 109.49986  18.264113
 109.49988  18.264143
 109.49990  18.264173
 109.49992  18.264203
 109.49994  18.264233
 109.49996  18.264263
 109.49998  18.264293
 109.50000  18.264323
 109.50002  18.264353
 109.50004  18.264383
 109.50006  18.264413
 109.50008  18.264443
 109.50010  18.264473
 109.50012  18.264503
 109.50014  18.264533
 109.50016  18.264563
 109.50018  18.264593
 109.50020  18.264623
 109.50022  18.264653
 109.50024  18.264683
 109.50026  18.264713
 109.50028  18.264743
 109.50030  18.264773
 109.50032  18.264803
 109.50034  18.264833
 109.50036  18.264863
 109.50038  18.264893
 109.50040  18.264923
 109.50042  18.264953
 109.50044  18.264983
 109.50046  18.265013
 109.50048  18.265043
 109.50050  18.265073
 109.50052  18.265103
 109.50054  18.265133
 109.50056  18.265163
 109.50058  18.265193
 109.50060  18.265223
 109.50062  18.265253
