 109.50063  18.252768
 109.50060  18.252760
 109.50057  18.252752
 109.50054  18.252744
 109.50051  18.252736
 109.50048  18.252728
 109.50045  18.252720
 109.50042  18.252712
 109.50039  18.252704
 109.50036  18.252696
 109.50033  18.252688
 109.50030  18.252680
 109.50027  18.252672
 109.50024  18.252664
 109.50021  18.252656
 109.50018  18.252648
 109.50015  18.252640
 109.50012  18.252632
 109.50009  18.252624
 109.50006  18.252616
 109.50003  18.252608
 109.50000  18.252600
 109.49997  18.252592
 109.49994  18.252584
 109.49991  18.252576
 109.49988  18.252568
 109.49985  18.252560
 109.49982  18.252552
 109.49979  18.252544
 109.49976  18.252536
 109.49973  18.252528
 109.49970  18.252520
 109.49967  18.252512
 109.49964  18.252504
 109.49961  18.252496
 109.49958  18.252488
 109.49955  18.252480
 109.49952  18.252472
 109.49949  18.252464
 109.49946  18.252456
 109.49943  18.252448
 109.49940  18.252440
 109.49937  18.252432
 109.49934  18.252424
 109.49931  18.252416
 109.49928  18.252408
 109.49925  18.252400
 109.49922  18.252392
 109.49919  18.252384
 109.49916  18.252376
 109.49913  18.252368
 109.49910  18.252360
 109.49907  18.252352
 109.49904  18.252344
 109.49901  18.252336
 109.49898  18.252328
 109.49895  18.252320
 109.49892  18.252312
 109.49889  18.252304
 109.49886  18.252296
 109.49883  18.252288
 109.49880  18.252280
 109.49877  18.252272
 109.49874  18.252264
 109.49871  18.252256
 109.49868  18.252248
 109.49865  18.252240
 109.49862  18.252232
 109.49859  18.252224
 109.49856  18.252216
 109.49853  18.252208
 109.49850  18.252200
 109.49847  18.252192
 109.49844  18.252184
 109.49841  18.252176
 109.49838  18.252168
 109.49835  18.252160
 109.49832  18.252152
 109.49829  18.252144
 109.49826  18.252136
 109.49823  18.252128
 109.49820  18.252120
 109.49817  18.252112
 109.49814  18.252104
 109.49811  18.252096
 109.49808  18.252088
 109.49805  18.252080
 109.49802  18.252072
 109.49799  18.252064
 109.49796  18.252056
 109.49793  18.252048
 109.49790  18.252040
 109.49787  18.252032
 109.49784  18.252024
 109.49781  18.252016
 109.49778  18.252008
 109.49775  18.252000
 109.49772  18.251992
 109.49769  18.251984
 109.49766  18.251976
 109.49763  18.251968
 109.49760  18.251960
 109.49757  18.251952
 109.49754  18.251944
 109.49751  18.251936
 109.49748  18.251928
 109.49745  18.251920
 109.49742  18.251912
 109.49739  18.251904
 109.49736  18.251896
 109.49733  18.251888
 109.49730  18.251880
 109.49727  18.251872
 109.49724  18.251864
 109.49721  18.251856
 109.49718  18.251848
 109.49715  18.251840
 109.49712  18.251832
 109.49709  18.251824
 109.49706  18.251816
