 109.50047  18.253230
 109.50046  18.253260
 109.50045  18.253290
 109.50044  18.253320
 109.50043  18.253350
 109.50043  18.253380
 109.50042  18.253410
 109.50041  18.253440
 109.50040  18.253470
 109.50039  18.253500
 109.50038  18.253530
 109.50038  18.253560
 109.50037  18.253590
 109.50036  18.253620
 109.50035  18.253650
 109.50035  18.253680
 109.50034  18.253710
 109.50033  18.253740
 109.50032  18.253770
 109.50031  18.253800
 109.50031  18.253830
 109.50030  18.253860
 109.50029  18.253890
 109.50028  18.253920
 109.50027  18.253950
 109.50027  18.253980
 109.50026  18.254010
 109.50025  18.254040
 109.50024  18.254070
 109.50023  18.254100
 109.50023  18.254130
 109.50022  18.254160
 109.50021  18.254190
 109.50020  18.254220
 109.50019  18.254250
 109.50019  18.254280
 109.50018  18.254310
 109.50017  18.254340
 109.50016  18.254370
 109.50015  18.254400
 109.50015  18.254430
 109.50014  18.254460
 109.50013  18.254490
 109.50012  18.254520
 109.50011  18.254550
 109.50011  18.254580
 109.50010  18.254610
 109.50009  18.254640
 109.50008  18.254670
 109.50007  18.254700
 109.50007  18.254730
 109.50006  18.254760
 109.50005  18.254790
 109.50004  18.254820
 109.50003  18.254850
 109.50002  18.254880
 109.50002  18.254910
 109.50001  18.254940
 109.50000  18.254970
 109.49999  18.255000
 109.49999  18.255030
 109.49998  18.255060
 109.49997  18.255090
 109.49996  18.255120
 109.49995  18.255150
 109.49994  18.255180
 109.49994  18.255210
 109.49993  18.255240
 109.49992  18.255270
 109.49991  18.255300
 109.49990  18.255330
 109.49990  18.255360
 109.49989  18.255390
 109.49988  18.255420
 109.49987  18.255450
 109.49986  18.255480
 109.49986  18.255510
 109.49985  18.255540
 109.49984  18.255570
 109.49983  18.255600
 109.49982  18.255630
 109.49982  18.255660
 109.49981  18.255690
 109.49980  18.255720
 109.49979  18.255750
 109.49978  18.255780
 109.49978  18.255810
 109.49977  18.255840
 109.49976  18.255870
 109.49975  18.255900
 109.49974  18.255930
 109.49974  18.255960
 109.49973  18.255990
 109.49972  18.256020
 109.49971  18.256050
 109.49970  18.256080
 109.49970  18.256110
 109.49969  18.256140
 109.49968  18.256170
 109.49967  18.256200
 109.49966  18.256230
 109.49966  18.256260
 109.49965  18.256290
 109.49964  18.256320
 109.49963  18.256350
 109.49962  18.256380
 109.49962  18.256410
 109.49961  18.256440
 109.49960  18.256470
 109.49959  18.256500
 109.49958  18.256530
 109.49958  18.256560
 109.49957  18.256590
 109.49956  18.256620
 109.49955  18.256650
 109.49954  18.256680
 109.49954  18.256710
 109.49953  18.256740
 109.49952  18.256770
 109.49951  18.256800
