 109.49663  18.251934
 109.49665  18.251954
 109.49667  18.251974
 109.49669  18.251994
 109.49671  18.252014
 109.49673  18.252034
 109.49675  18.252054
 109.49677  18.252074
 109.49679  18.252094
 109.49681  18.252114
 109.49683  18.252134
 109.49685  18.252154
 109.49687  18.252174
 109.49689  18.252194
 109.49691  18.252214
 109.49693  18.252234
 109.49695  18.252254
 109.49697  18.252274
 109.49699  18.252294
 109.49701  18.252314
 109.49703  18.252334
 109.49705  18.252354
 109.49707  18.252374
 109.49709  18.252394
 109.49711  18.252414
 109.49713  18.252434
 109.49715  18.252454
 109.49717  18.252474
 109.49719  18.252494
 109.49721  18.252514
 109.49723  18.252534
 109.49725  18.252554
 109.49727  18.252574
 109.49729  18.252594
 109.49731  18.252614
 109.49733  18.252634
 109.49735  18.252654
 109.49737  18.252674
 109.49739  18.252694
 109.49741  18.252714
 109.49743  18.252734
 109.49745  18.252754
 109.49747  18.252774
 109.49749  18.252794
 109.49751  18.252814
 109.49753  18.252834
 109.49755  18.252854
 109.49757  18.252874
 109.49759  18.252894
 109.49761  18.252914
 109.49763  18.252934
 109.49765  18.252954
 109.49767  18.252974
 109.49769  18.252994
 109.49771  18.253014
 109.49773  18.253034
 109.49775  18.253054
 109.49777  18.253074
 109.49779  18.253094
 109.49781  18.253114
 109.49783  18.253134
 109.49785  18.253154
 109.49787  18.253174
 109.49789  18.253194
 109.49791  18.253214
 109.49793  18.253234
 109.49795  18.253254
 109.49797  18.253274
 109.49799  18.253294
 109.49801  18.253314
 109.49803  18.253334
 109.49805  18.253354
 109.49807  18.253374
 109.49809  18.253394
 109.49811  18.253414
 109.49813  18.253434
 109.49815  18.253454
 109.49817  18.253474
 109.49819  18.253494
 109.49821  18.253514
 109.49823  18.253534
 109.49825  18.253554
 109.49827  18.253574
 109.49829  18.253594
 109.49831  18.253614
 109.49833  18.253634
 109.49835  18.253654
 109.49837  18.253674
 109.49839  18.253694
 109.49841  18.253714
 109.49843  18.253734
 109.49845  18.253754
 109.49847  18.253774
 109.49849  18.253794
 109.49851  18.253814
 109.49853  18.253834
 109.49855  18.253854
 109.49857  18.253874
 109.49859  18.253894
 109.49861  18.253914
 109.49863  18.253934
 109.49865  18.253954
 109.49867  18.253974
 109.49869  18.253994
 109.49871  18.254014
 109.49873  18.254034
 109.49875  18.254054
 109.49877  18.254074
 109.49879  18.254094
 109.49881  18.254114
 109.49883  18.254134
 109.49885  18.254154
 109.49887  18.254174
 109.49889  18.254194
 109.49891  18.254214
 109.49893  18.254234
 109.49895  18.254254
 109.49897  18.254274
 109.49899  18.254294
 109.49901  18.254314
