 109.50449  18.253450
 109.50451  18.253460
 109.50453  18.253470
 109.50455  18.253480
 109.50457  18.253490
 109.50459  18.253500
 109.50461  18.253510
 109.50463  18.253520
 109.50465  18.253530
 109.50467  18.253540
 109.50469  18.253550
 109.50471  18.253560
 109.50473  18.253570
 109.50475  18.253580
 109.50477  18.253590
 109.50479  18.253600
 109.50481  18.253610
 109.50483  18.253620
 109.50485  18.253630
 109.50487  18.253640
 109.50489  18.253650
 109.50491  18.253660
 109.50493  18.253670
 109.50495  18.253680
 109.50497  18.253690
 109.50499  18.253700
 109.50501  18.253710
 109.50503  18.253720
 109.50505  18.253730
 109.50507  18.253740
 109.50509  18.253750
 109.50511  18.253760
 109.50513  18.253770
 109.50515  18.253780
 109.50517  18.253790
 109.50519  18.253800
 109.50521  18.253810
 109.50523  18.253820
 109.50525  18.253830
 109.50527  18.253840
 109.50529  18.253850
 109.50531  18.253860
 109.50533  18.253870
 109.50535  18.253880
 109.50537  18.253890
 109.50539  18.253900
 109.50541  18.253910
 109.50543  18.253920
 109.50545  18.253930
 109.50547  18.253940
 109.50549  18.253950
 109.50551  18.253960
 109.50553  18.253970
 109.50555  18.253980
 109.50557  18.253990
 109.50559  18.254000
 109.50561  18.254010
 109.50563  18.254020
 109.50565  18.254030
 109.50567  18.254040
 109.50569  18.254050
 109.50571  18.254060
 109.50573  18.254070
 109.50575  18.254080
 109.50577  18.254090
 109.50579  18.254100
 109.50581  18.254110
 109.50583  18.254120
 109.50585  18.254130
 109.50587  18.254140
 109.50589  18.254150
 109.50591  18.254160
 109.50593  18.254170
 109.50595  18.254180
 109.50597  18.254190
 109.50599  18.254200
 109.50601  18.254210
 109.50603  18.254220
 109.50605  18.254230
 109.50607  18.254240
 109.50609  18.254250
 109.50611  18.254260
 109.50613  18.254270
 109.50615  18.254280
 109.50617  18.254290
 109.50619  18.254300
 109.50621  18.254310
 109.50623  18.254320
 109.50625  18.254330
 109.50627  18.254340
 109.50629  18.254350
 109.50631  18.254360
 109.50633  18.254370
 109.50635  18.254380
 109.50637  18.254390
 109.50639  18.254400
 109.50641  18.254410
 109.50643  18.254420
 109.50645  18.254430
 109.50647  18.254440
 109.50649  18.254450
 109.50651  18.254460
 109.50653  18.254470
 109.50655  18.254480
 109.50657  18.254490
 109.50659  18.254500
 109.50661  18.254510
 109.50663  18.254520
 109.50665  18.254530
 109.50667  18.254540
 109.50669  18.254550
 109.50671  18.254560
 109.50673  18.254570
 109.50675  18.254580
 109.50677  18.254590
 109.50679  18.254600
 109.50681  18.254610
 109.50683  18.254620
 109.50685  18.254630
 109.50687  18.254640
