 109.50170  18.258130
 109.50160  18.258100
 109.50150  18.258070
 109.50140  18.258040
 109.50130  18.258010
 109.50120  18.257980
 109.50110  18.257950
 109.50100  18.257920
 109.50090  18.257890
 109.50080  18.257860
 109.50070  18.257830
 109.50060  18.257800
 109.50050  18.257770
 109.50040  18.257740
 109.50030  18.257710
 109.50020  18.257680
 109.50010  18.257650
 109.50000  18.257620
 109.49990  18.257590
 109.49980  18.257560
 109.49970  18.257530
 109.49960  18.257500
 109.49950  18.257470
 109.49940  18.257440
 109.49930  18.257410
 109.49920  18.257380
 109.49910  18.257350
 109.49900  18.257320
 109.49890  18.257290
 109.49880  18.257260
 109.49870  18.257230
 109.49860  18.257200
 109.49850  18.257170
 109.49840  18.257140
 109.49830  18.257110
 109.49820  18.257080
 109.49810  18.257050
 109.49800  18.257020
 109.49790  18.256990
 109.49780  18.256960
 109.49770  18.256930
 109.49760  18.256900
 109.49750  18.256870
 109.49740  18.256840
 109.49730  18.256810
 109.49720  18.256780
 109.49710  18.256750
 109.49700  18.256720
 109.49690  18.256690
 109.49680  18.256660
 109.49670  18.256630
 109.49660  18.256600
 109.49650  18.256570
 109.49640  18.256540
 109.49630  18.256510
 109.49620  18.256480
 109.49610  18.256450
 109.49600  18.256420
 109.49590  18.256390
 109.49580  18.256360
 109.49570  18.256330
 109.49560  18.256300
 109.49550  18.256270
 109.49540  18.256240
 109.49530  18.256210
 109.49520  18.256180
 109.49510  18.256150
 109.49500  18.256120
 109.49490  18.256090
 109.49480  18.256060
 109.49470  18.256030
 109.49460  18.256000
 109.49450  18.255970
 109.49440  18.255940
 109.49430  18.255910
 109.49420  18.255880
 109.49410  18.255850
 109.49400  18.255820
 109.49390  18.255790
 109.49380  18.255760
 109.49370  18.255730
 109.49360  18.255700
 109.49350  18.255670
 109.49340  18.255640
 109.49330  18.255610
 109.49320  18.255580
 109.49310  18.255550
 109.49300  18.255520
 109.49290  18.255490
 109.49280  18.255460
 109.49270  18.255430
 109.49260  18.255400
 109.49250  18.255370
 109.49240  18.255340
 109.49230  18.255310
 109.49220  18.255280
 109.49210  18.255250
 109.49200  18.255220
 109.49190  18.255190
 109.49180  18.255160
 109.49170  18.255130
 109.49160  18.255100
 109.49150  18.255070
 109.49140  18.255040
 109.49130  18.255010
 109.49120  18.254980
 109.49110  18.254950
 109.49100  18.254920
 109.49090  18.254890
 109.49080  18.254860
 109.49070  18.254830
 109.49060  18.254800
 109.49050  18.254770
 109.49040  18.254740
 109.49030  18.254710
 109.49020  18.254680
 109.49010  18.254650
 109.49000  18.254620
 109.48990  18.254590
 109.48980  18.254560
