 109.49600  18.258755
 109.49602  18.258750
 109.49604  18.258745
 109.49606  18.258740
 109.49608  18.258735
 109.49610  18.258730
 109.49612  18.258725
 109.49614  18.258720
 109.49616  18.258715
 109.49618  18.258710
 109.49620  18.258705
 109.49622  18.258700
 109.49624  18.258695
 109.49626  18.258690
 109.49628  18.258685
 109.49630  18.258680
 109.49632  18.258675
 109.49634  18.258670
 109.49636  18.258665
 109.49638  18.258660
 109.49640  18.258655
 109.49642  18.258650
 109.49644  18.258645
 109.49646  18.258640
 109.49648  18.258635
 109.49650  18.258630
 109.49652  18.258625
 109.49654  18.258620
 109.49656  18.258615
 109.49658  18.258610
 109.49660  18.258605
 109.49662  18.258600
 109.49664  18.258595
 109.49666  18.258590
 109.49668  18.258585
 109.49670  18.258580
 109.49672  18.258575
 109.49674  18.258570
 109.49676  18.258565
 109.49678  18.258560
 109.49680  18.258555
 109.49682  18.258550
 109.49684  18.258545
 109.49686  18.258540
 109.49688  18.258535
 109.49690  18.258530
 109.49692  18.258525
 109.49694  18.258520
 109.49696  18.258515
 109.49698  18.258510
 109.49700  18.258505
 109.49702  18.258500
 109.49704  18.258495
 109.49706  18.258490
 109.49708  18.258485
 109.49710  18.258480
 109.49712  18.258475
 109.49714  18.258470
 109.49716  18.258465
 109.49718  18.258460
 109.49720  18.258455
 109.49722  18.258450
 109.49724  18.258445
 109.49726  18.258440
 109.49728  18.258435
 109.49730  18.258430
 109.49732  18.258425
 109.49734  18.258420
 109.49736  18.258415
 109.49738  18.258410
 109.49740  18.258405
 109.49742  18.258400
 109.49744  18.258395
 109.49746  18.258390
 109.49748  18.258385
 109.49750  18.258380
 109.49752  18.258375
 109.49754  18.258370
 109.49756  18.258365
 109.49758  18.258360
 109.49760  18.258355
 109.49762  18.258350
 109.49764  18.258345
 109.49766  18.258340
 109.49768  18.258335
 109.49770  18.258330
 109.49772  18.258325
 109.49774  18.258320
 109.49776  18.258315
 109.49778  18.258310
 109.49780  18.258305
 109.49782  18.258300
 109.49784  18.258295
 109.49786  18.258290
 109.49788  18.258285
 109.49790  18.258280
 109.49792  18.258275
 109.49794  18.258270
 109.49796  18.258265
 109.49798  18.258260
 109.49800  18.258255
 109.49802  18.258250
 109.49804  18.258245
 109.49806  18.258240
 109.49808  18.258235
 109.49810  18.258230
 109.49812  18.258225
 109.49814  18.258220
 109.49816  18.258215
 109.49818  18.258210
 109.49820  18.258205
 109.49822  18.258200
 109.49824  18.258195
 109.49826  18.258190
 109.49828  18.258185
 109.49830  18.258180
 109.49832  18.258175
 109.49834  18.258170
 109.49836  18.258165
 109.49838  18.258160
