 109.50230  18.244017
 109.50234  18.244011
 109.50238  18.244005
 109.50242  18.243999
 109.50246  18.243993
 109.50250  18.243987
 109.50254  18.243981
 109.50258  18.243975
 109.50262  18.243969
 109.50266  18.243963
 109.50270  18.243957
 109.50274  18.243951
 109.50278  18.243945
 109.50282  18.243939
 109.50286  18.243933
 109.50290  18.243927
 109.50294  18.243921
 109.50298  18.243915
 109.50302  18.243909
 109.50306  18.243903
 109.50310  18.243897
 109.50314  18.243891
 109.50318  18.243885
 109.50322  18.243879
 109.50326  18.243873
 109.50330  18.243867
 109.50334  18.243861
 109.50338  18.243855
 109.50342  18.243849
 109.50346  18.243843
 109.50350  18.243837
 109.50354  18.243831
 109.50358  18.243825
 109.50362  18.243819
 109.50366  18.243813
 109.50370  18.243807
 109.50374  18.243801
 109.50378  18.243795
 109.50382  18.243789
 109.50386  18.243783
 109.50390  18.243777
 109.50394  18.243771
 109.50398  18.243765
 109.50402  18.243759
 109.50406  18.243753
 109.50410  18.243747
 109.50414  18.243741
 109.50418  18.243735
 109.50422  18.243729
 109.50426  18.243723
 109.50430  18.243717
 109.50434  18.243711
 109.50438  18.243705
 109.50442  18.243699
 109.50446  18.243693
 109.50450  18.243687
 109.50454  18.243681
 109.50458  18.243675
 109.50462  18.243669
 109.50466  18.243663
 109.50470  18.243657
 109.50474  18.243651
 109.50478  18.243645
 109.50482  18.243639
 109.50486  18.243633
 109.50490  18.243627
 109.50494  18.243621
 109.50498  18.243615
 109.50502  18.243609
 109.50506  18.243603
 109.50510  18.243597
 109.50514  18.243591
 109.50518  18.243585
 109.50522  18.243579
 109.50526  18.243573
 109.50530  18.243567
 109.50534  18.243561
 109.50538  18.243555
 109.50542  18.243549
 109.50546  18.243543
 109.50550  18.243537
 109.50554  18.243531
 109.50558  18.243525
 109.50562  18.243519
 109.50566  18.243513
 109.50570  18.243507
 109.50574  18.243501
 109.50578  18.243495
 109.50582  18.243489
 109.50586  18.243483
 109.50590  18.243477
 109.50594  18.243471
 109.50598  18.243465
 109.50602  18.243459
 109.50606  18.243453
 109.50610  18.243447
 109.50614  18.243441
 109.50618  18.243435
 109.50622  18.243429
 109.50626  18.243423
 109.50630  18.243417
 109.50634  18.243411
 109.50638  18.243405
 109.50642  18.243399
 109.50646  18.243393
 109.50650  18.243387
 109.50654  18.243381
 109.50658  18.243375
 109.50662  18.243369
 109.50666  18.243363
 109.50670  18.243357
 109.50674  18.243351
 109.50678  18.243345
 109.50682  18.243339
 109.50686  18.243333
 109.50690  18.243327
 109.50694  18.243321
 109.50698  18.243315
 109.50702  18.243309
 109.50706  18.243303
