 109.49857  18.251362
 109.45856  18.251356
 109.41855  18.251350
 109.37854  18.251344
 109.33853  18.251338
 109.29852  18.251332
 109.25851  18.251326
 109.21850  18.251320
 109.17849  18.251314
 109.13848  18.251308
 109.09847  18.251302
 109.05846  18.251296
 109.01845  18.251290
 108.97844  18.251284
 108.93843  18.251278
 108.89842  18.251272
 108.85841  18.251266
 108.81840  18.251260
 108.77839  18.251254
 108.73838  18.251248
 108.69837  18.251242
 108.65836  18.251236
 108.61835  18.251230
 108.57834  18.251224
 108.53833  18.251218
 108.49832  18.251212
 108.45831  18.251206
 108.41830  18.251200
 108.37829  18.251194
 108.33828  18.251188
 108.29827  18.251182
 108.25826  18.251176
 108.21825  18.251170
 108.17824  18.251164
 108.13823  18.251158
 108.09822  18.251152
 108.05821  18.251146
 108.01820  18.251140
 107.97819  18.251134
 107.93818  18.251128
 107.89817  18.251122
 107.85816  18.251116
 107.81815  18.251110
 107.77814  18.251104
 107.73813  18.251098
 107.69812  18.251092
 107.65811  18.251086
 107.61810  18.251080
 107.57809  18.251074
 107.53808  18.251068
 107.49807  18.251062
 107.45806  18.251056
 107.41805  18.251050
 107.37804  18.251044
 107.33803  18.251038
 107.29802  18.251032
 107.25801  18.251026
 107.21800  18.251020
 107.17799  18.251014
 107.13798  18.251008
 107.09797  18.251002
 107.05796  18.250996
 107.01795  18.250990
 106.97794  18.250984
 106.93793  18.250978
 106.89792  18.250972
 106.85791  18.250966
 106.81790  18.250960
 106.77789  18.250954
 106.73788  18.250948
 106.69787  18.250942
 106.65786  18.250936
 106.61785  18.250930
 106.57784  18.250924
 106.53783  18.250918
 106.49782  18.250912
 106.45781  18.250906
 106.41780  18.250900
 106.37779  18.250894
 106.33778  18.250888
 106.29777  18.250882
 106.25776  18.250876
 106.21775  18.250870
 106.17774  18.250864
 106.13773  18.250858
 106.09772  18.250852
 106.05771  18.250846
 106.01770  18.250840
 105.97769  18.250834
 105.93768  18.250828
 105.89767  18.250822
 105.85766  18.250816
 105.81765  18.250810
 105.77764  18.250804
 105.73763  18.250798
 105.69762  18.250792
 105.65761  18.250786
 105.61760  18.250780
 105.57759  18.250774
 105.53758  18.250768
 105.49757  18.250762
 105.45756  18.250756
 105.41755  18.250750
 105.37754  18.250744
 105.33753  18.250738
 105.29752  18.250732
 105.25751  18.250726
 105.21750  18.250720
 105.17749  18.250714
 105.13748  18.250708
 105.09747  18.250702
 105.05746  18.250696
 105.01745  18.250690
 104.97744  18.250684
 104.93743  18.250678
 104.89742  18.250672
 104.85741  18.250666
 104.81740  18.250660
 104.77739  18.250654
 104.73738  18.250648
