 109.50456  18.248924
 109.50456  18.249024
 109.50456  18.249124
 109.50456  18.249224
 109.50456  18.249324
 109.50456  18.249424
 109.50456  18.249524
 109.50456  18.249624
 109.50456  18.249724
 109.50456  18.249824
 109.50456  18.249924
 109.50456  18.250024
 109.50456  18.250124
 109.50456  18.250224
 109.50456  18.250324
 109.50456  18.250424
 109.50456  18.250524
 109.50456  18.250624
 109.50456  18.250724
 109.50456  18.250824
 109.50456  18.250924
 109.50456  18.251024
 109.50456  18.251124
 109.50456  18.251224
 109.50456  18.251324
 109.50456  18.251424
 109.50456  18.251524
 109.50456  18.251624
 109.50456  18.251724
 109.50456  18.251824
 109.50456  18.251924
 109.50456  18.252024
 109.50456  18.252124
 109.50456  18.252224
 109.50456  18.252324
 109.50456  18.252424
 109.50456  18.252524
 109.50456  18.252624
 109.50456  18.252724
 109.50456  18.252824
 109.50456  18.252924
 109.50456  18.253024
 109.50456  18.253124
 109.50456  18.253224
 109.50456  18.253324
 109.50456  18.253424
 109.50456  18.253524
 109.50456  18.253624
 109.50456  18.253724
 109.50456  18.253824
 109.50456  18.253924
 109.50456  18.254024
 109.50456  18.254124
 109.50456  18.254224
 109.50456  18.254324
 109.50456  18.254424
 109.50456  18.254524
 109.50456  18.254624
 109.50456  18.254724
 109.50456  18.254824
 109.50456  18.254924
 109.50456  18.255024
 109.50456  18.255124
 109.50456  18.255224
 109.50456  18.255324
 109.50456  18.255424
 109.50456  18.255524
 109.50456  18.255624
 109.50456  18.255724
 109.50456  18.255824
 109.50456  18.255924
 109.50456  18.256024
 109.50456  18.256124
 109.50456  18.256224
 109.50456  18.256324
 109.50456  18.256424
 109.50456  18.256524
 109.50456  18.256624
 109.50456  18.256724
 109.50456  18.256824
 109.50456  18.256924
 109.50456  18.257024
 109.50456  18.257124
 109.50456  18.257224
 109.50456  18.257324
 109.50456  18.257424
 109.50456  18.257524
 109.50456  18.257624
 109.50456  18.257724
 109.50456  18.257824
 109.50456  18.257924
 109.50456  18.258024
 109.50456  18.258124
 109.50456  18.258224
 109.50456  18.258324
 109.50456  18.258424
 109.50456  18.258524
 109.50456  18.258624
 109.50456  18.258724
 109.50456  18.258824
 109.50456  18.258924
 109.50456  18.259024
 109.50456  18.259124
 109.50456  18.259224
 109.50456  18.259324
 109.50456  18.259424
 109.50456  18.259524
 109.50456  18.259624
 109.50456  18.259724
 109.50456  18.259824
 109.50456  18.259924
 109.50456  18.260024
 109.50456  18.260124
 109.50456  18.260224
 109.50456  18.260324
 109.50456  18.260424
 109.50456  18.260524
 109.50456  18.260624
 109.50456  18.260724
 109.50456  18.260824
