 109.50087  18.240475
 109.50085  18.240470
 109.50083  18.240465
 109.50081  18.240460
 109.50079  18.240455
 109.50077  18.240450
 109.50075  18.240445
 109.50073  18.240440
 109.50071  18.240435
 109.50069  18.240430
 109.50067  18.240425
 109.50065  18.240420
 109.50063  18.240415
 109.50061  18.240410
 109.50059  18.240405
 109.50057  18.240400
 109.50055  18.240395
 109.50053  18.240390
 109.50051  18.240385
 109.50049  18.240380
 109.50047  18.240375
 109.50045  18.240370
 109.50043  18.240365
 109.50041  18.240360
 109.50039  18.240355
 109.50037  18.240350
 109.50035  18.240345
 109.50033  18.240340
 109.50031  18.240335
 109.50029  18.240330
 109.50027  18.240325
 109.50025  18.240320
 109.50023  18.240315
 109.50021  18.240310
 109.50019  18.240305
 109.50017  18.240300
 109.50015  18.240295
 109.50013  18.240290
 109.50011  18.240285
 109.50009  18.240280
 109.50007  18.240275
 109.50005  18.240270
 109.50003  18.240265
 109.50001  18.240260
 109.49999  18.240255
 109.49997  18.240250
 109.49995  18.240245
 109.49993  18.240240
 109.49991  18.240235
 109.49989  18.240230
 109.49987  18.240225
 109.49985  18.240220
 109.49983  18.240215
 109.49981  18.240210
 109.49979  18.240205
 109.49977  18.240200
 109.49975  18.240195
 109.49973  18.240190
 109.49971  18.240185
 109.49969  18.240180
 109.49967  18.240175
 109.49965  18.240170
 109.49963  18.240165
 109.49961  18.240160
 109.49959  18.240155
 109.49957  18.240150
 109.49955  18.240145
 109.49953  18.240140
 109.49951  18.240135
 109.49949  18.240130
 109.49947  18.240125
 109.49945  18.240120
 109.49943  18.240115
 109.49941  18.240110
 109.49939  18.240105
 109.49937  18.240100
 109.49935  18.240095
 109.49933  18.240090
 109.49931  18.240085
 109.49929  18.240080
 109.49927  18.240075
 109.49925  18.240070
 109.49923  18.240065
 109.49921  18.240060
 109.49919  18.240055
 109.49917  18.240050
 109.49915  18.240045
 109.49913  18.240040
 109.49911  18.240035
 109.49909  18.240030
 109.49907  18.240025
 109.49905  18.240020
 109.49903  18.240015
 109.49901  18.240010
 109.49899  18.240005
 109.49897  18.240000
 109.49895  18.239995
 109.49893  18.239990
 109.49891  18.239985
 109.49889  18.239980
 109.49887  18.239975
 109.49885  18.239970
 109.49883  18.239965
 109.49881  18.239960
 109.49879  18.239955
 109.49877  18.239950
 109.49875  18.239945
 109.49873  18.239940
 109.49871  18.239935
 109.49869  18.239930
 109.49867  18.239925
 109.49865  18.239920
 109.49863  18.239915
 109.49861  18.239910
 109.49859  18.239905
 109.49857  18.239900
 109.49855  18.239895
 109.49853  18.239890
 109.49851  18.239885
 109.49849  18.239880
