 109.49547  18.259796
 109.49549  18.259816
 109.49551  18.259836
 109.49553  18.259856
 109.49555  18.259876
 109.49557  18.259896
 109.49559  18.259916
 109.49561  18.259936
 109.49563  18.259956
 109.49565  18.259976
 109.49567  18.259996
 109.49569  18.260016
 109.49571  18.260036
 109.49573  18.260056
 109.49575  18.260076
 109.49577  18.260096
 109.49579  18.260116
 109.49581  18.260136
 109.49583  18.260156
 109.49585  18.260176
 109.49587  18.260196
 109.49589  18.260216
 109.49591  18.260236
 109.49593  18.260256
 109.49595  18.260276
 109.49597  18.260296
 109.49599  18.260316
 109.49601  18.260336
 109.49603  18.260356
 109.49605  18.260376
 109.49607  18.260396
 109.49609  18.260416
 109.49611  18.260436
 109.49613  18.260456
 109.49615  18.260476
 109.49617  18.260496
 109.49619  18.260516
 109.49621  18.260536
 109.49623  18.260556
 109.49625  18.260576
 109.49627  18.260596
 109.49629  18.260616
 109.49631  18.260636
 109.49633  18.260656
 109.49635  18.260676
 109.49637  18.260696
 109.49639  18.260716
 109.49641  18.260736
 109.49643  18.260756
 109.49645  18.260776
 109.49647  18.260796
 109.49649  18.260816
 109.49651  18.260836
 109.49653  18.260856
 109.49655  18.260876
 109.49657  18.260896
 109.49659  18.260916
 109.49661  18.260936
 109.49663  18.260956
 109.49665  18.260976
 109.49667  18.260996
 109.49669  18.261016
 109.49671  18.261036
 109.49673  18.261056
 109.49675  18.261076
 109.49677  18.261096
 109.49679  18.261116
 109.49681  18.261136
 109.49683  18.261156
 109.49685  18.261176
 109.49687  18.261196
 109.49689  18.261216
 109.49691  18.261236
 109.49693  18.261256
 109.49695  18.261276
 109.49697  18.261296
 109.49699  18.261316
 109.49701  18.261336
 109.49703  18.261356
 109.49705  18.261376
 109.49707  18.261396
 109.49709  18.261416
 109.49711  18.261436
 109.49713  18.261456
 109.49715  18.261476
 109.49717  18.261496
 109.49719  18.261516
 109.49721  18.261536
 109.49723  18.261556
 109.49725  18.261576
 109.49727  18.261596
 109.49729  18.261616
 109.49731  18.261636
 109.49733  18.261656
 109.49735  18.261676
 109.49737  18.261696
 109.49739  18.261716
 109.49741  18.261736
 109.49743  18.261756
 109.49745  18.261776
 109.49747  18.261796
 109.49749  18.261816
 109.49751  18.261836
 109.49753  18.261856
 109.49755  18.261876
 109.49757  18.261896
 109.49759  18.261916
 109.49761  18.261936
 109.49763  18.261956
 109.49765  18.261976
 109.49767  18.261996
 109.49769  18.262016
 109.49771  18.262036
 109.49773  18.262056
 109.49775  18.262076
 109.49777  18.262096
 109.49779  18.262116
 109.49781  18.262136
 109.49783  18.262156
 109.49785  18.262176
