 109.49601  18.255080
 109.49602  18.255090
 109.49603  18.255100
 109.49604  18.255110
 109.49605  18.255120
 109.49606  18.255130
 109.49607  18.255140
 109.49608  18.255150
 109.49609  18.255160
 109.49610  18.255170
 109.49611  18.255180
 109.49612  18.255190
 109.49613  18.255200
 109.49614  18.255210
 109.49615  18.255220
 109.49616  18.255230
 109.49617  18.255240
 109.49618  18.255250
 109.49619  18.255260
 109.49620  18.255270
 109.49621  18.255280
 109.49622  18.255290
 109.49623  18.255300
 109.49624  18.255310
 109.49625  18.255320
 109.49626  18.255330
 109.49627  18.255340
 109.49628  18.255350
 109.49629  18.255360
 109.49630  18.255370
 109.49631  18.255380
 109.49632  18.255390
 109.49633  18.255400
 109.49634  18.255410
 109.49635  18.255420
 109.49636  18.255430
 109.49637  18.255440
 109.49638  18.255450
 109.49639  18.255460
 109.49640  18.255470
 109.49641  18.255480
 109.49642  18.255490
 109.49643  18.255500
 109.49644  18.255510
 109.49645  18.255520
 109.49646  18.255530
 109.49647  18.255540
 109.49648  18.255550
 109.49649  18.255560
 109.49650  18.255570
 109.49651  18.255580
 109.49652  18.255590
 109.49653  18.255600
 109.49654  18.255610
 109.49655  18.255620
 109.49656  18.255630
 109.49657  18.255640
 109.49658  18.255650
 109.49659  18.255660
 109.49660  18.255670
 109.49661  18.255680
 109.49662  18.255690
 109.49663  18.255700
 109.49664  18.255710
 109.49665  18.255720
 109.49666  18.255730
 109.49667  18.255740
 109.49668  18.255750
 109.49669  18.255760
 109.49670  18.255770
 109.49671  18.255780
 109.49672  18.255790
 109.49673  18.255800
 109.49674  18.255810
 109.49675  18.255820
 109.49676  18.255830
 109.49677  18.255840
 109.49678  18.255850
 109.49679  18.255860
 109.49680  18.255870
 109.49681  18.255880
 109.49682  18.255890
 109.49683  18.255900
 109.49684  18.255910
 109.49685  18.255920
 109.49686  18.255930
 109.49687  18.255940
 109.49688  18.255950
 109.49689  18.255960
 109.49690  18.255970
 109.49691  18.255980
 109.49692  18.255990
 109.49693  18.256000
 109.49694  18.256010
 109.49695  18.256020
 109.49696  18.256030
 109.49697  18.256040
 109.49698  18.256050
 109.49699  18.256060
 109.49700  18.256070
 109.49701  18.256080
 109.49702  18.256090
 109.49703  18.256100
 109.49704  18.256110
 109.49705  18.256120
 109.49706  18.256130
 109.49707  18.256140
 109.49708  18.256150
 109.49709  18.256160
 109.49710  18.256170
 109.49711  18.256180
 109.49712  18.256190
 109.49713  18.256200
 109.49714  18.256210
 109.49715  18.256220
 109.49716  18.256230
 109.49717  18.256240
 109.49718  18.256250
 109.49719  18.256260
 109.49720  18.256270
