 109.50542  18.242388
 109.50541  18.242488
 109.50540  18.242588
 109.50539  18.242688
 109.50538  18.242788
 109.50537  18.242888
 109.50536  18.242988
 109.50535  18.243088
 109.50534  18.243188
 109.50533  18.243288
 109.50532  18.243388
 109.50531  18.243488
 109.50530  18.243588
 109.50529  18.243688
 109.50528  18.243788
 109.50527  18.243888
 109.50526  18.243988
 109.50525  18.244088
 109.50524  18.244188
 109.50523  18.244288
 109.50522  18.244388
 109.50521  18.244488
 109.50520  18.244588
 109.50519  18.244688
 109.50518  18.244788
 109.50517  18.244888
 109.50516  18.244988
 109.50515  18.245088
 109.50514  18.245188
 109.50513  18.245288
 109.50512  18.245388
 109.50511  18.245488
 109.50510  18.245588
 109.50509  18.245688
 109.50508  18.245788
 109.50507  18.245888
 109.50506  18.245988
 109.50505  18.246088
 109.50504  18.246188
 109.50503  18.246288
 109.50502  18.246388
 109.50501  18.246488
 109.50500  18.246588
 109.50499  18.246688
 109.50498  18.246788
 109.50497  18.246888
 109.50496  18.246988
 109.50495  18.247088
 109.50494  18.247188
 109.50493  18.247288
 109.50492  18.247388
 109.50491  18.247488
 109.50490  18.247588
 109.50489  18.247688
 109.50488  18.247788
 109.50487  18.247888
 109.50486  18.247988
 109.50485  18.248088
 109.50484  18.248188
 109.50483  18.248288
 109.50482  18.248388
 109.50481  18.248488
 109.50480  18.248588
 109.50479  18.248688
 109.50478  18.248788
 109.50477  18.248888
 109.50476  18.248988
 109.50475  18.249088
 109.50474  18.249188
 109.50473  18.249288
 109.50472  18.249388
 109.50471  18.249488
 109.50470  18.249588
 109.50469  18.249688
 109.50468  18.249788
 109.50467  18.249888
 109.50466  18.249988
 109.50465  18.250088
 109.50464  18.250188
 109.50463  18.250288
 109.50462  18.250388
 109.50461  18.250488
 109.50460  18.250588
 109.50459  18.250688
 109.50458  18.250788
 109.50457  18.250888
 109.50456  18.250988
 109.50455  18.251088
 109.50454  18.251188
 109.50453  18.251288
 109.50452  18.251388
 109.50451  18.251488
 109.50450  18.251588
 109.50449  18.251688
 109.50448  18.251788
 109.50447  18.251888
 109.50446  18.251988
 109.50445  18.252088
 109.50444  18.252188
 109.50443  18.252288
 109.50442  18.252388
 109.50441  18.252488
 109.50440  18.252588
 109.50439  18.252688
 109.50438  18.252788
 109.50437  18.252888
 109.50436  18.252988
 109.50435  18.253088
 109.50434  18.253188
 109.50433  18.253288
 109.50432  18.253388
 109.50431  18.253488
 109.50430  18.253588
 109.50429  18.253688
 109.50428  18.253788
 109.50427  18.253888
 109.50426  18.253988
 109.50425  18.254088
 109.50424  18.254188
 109.50423  18.254288
