 109.49989  18.255480
 109.49989  18.255490
 109.49989  18.255500
 109.49989  18.255510
 109.49989  18.255520
 109.49989  18.255530
 109.49989  18.255540
 109.49989  18.255550
 109.49989  18.255560
 109.49989  18.255570
 109.49989  18.255580
 109.49989  18.255590
 109.49989  18.255600
 109.49989  18.255610
 109.49989  18.255620
 109.49989  18.255630
 109.49989  18.255640
 109.49989  18.255650
 109.49989  18.255660
 109.49989  18.255670
 109.49989  18.255680
 109.49989  18.255690
 109.49989  18.255700
 109.49989  18.255710
 109.49989  18.255720
 109.49989  18.255730
 109.49989  18.255740
 109.49989  18.255750
 109.49989  18.255760
 109.49989  18.255770
 109.49989  18.255780
 109.49989  18.255790
 109.49989  18.255800
 109.49989  18.255810
 109.49989  18.255820
 109.49989  18.255830
 109.49989  18.255840
 109.49989  18.255850
 109.49989  18.255860
 109.49989  18.255870
 109.49989  18.255880
 109.49989  18.255890
 109.49989  18.255900
 109.49989  18.255910
 109.49989  18.255920
 109.49989  18.255930
 109.49989  18.255940
 109.49989  18.255950
 109.49989  18.255960
 109.49989  18.255970
 109.49989  18.255980
 109.49989  18.255990
 109.49989  18.256000
 109.49989  18.256010
 109.49989  18.256020
 109.49989  18.256030
 109.49989  18.256040
 109.49989  18.256050
 109.49989  18.256060
 109.49989  18.256070
 109.49989  18.256080
 109.49989  18.256090
 109.49989  18.256100
 109.49989  18.256110
 109.49989  18.256120
 109.49989  18.256130
 109.49989  18.256140
 109.49989  18.256150
 109.49989  18.256160
 109.49989  18.256170
 109.49989  18.256180
 109.49989  18.256190
 109.49989  18.256200
 109.49989  18.256210
 109.49989  18.256220
 109.49989  18.256230
 109.49989  18.256240
 109.49989  18.256250
 109.49989  18.256260
 109.49989  18.256270
 109.49989  18.256280
 109.49989  18.256290
 109.49989  18.256300
 109.49989  18.256310
 109.49989  18.256320
 109.49989  18.256330
 109.49989  18.256340
 109.49989  18.256350
 109.49989  18.256360
 109.49989  18.256370
 109.49989  18.256380
 109.49989  18.256390
 109.49989  18.256400
 109.49989  18.256410
 109.49989  18.256420
 109.49989  18.256430
 109.49989  18.256440
 109.49989  18.256450
 109.49989  18.256460
 109.49989  18.256470
 109.49989  18.256480
 109.49989  18.256490
 109.49989  18.256500
 109.49989  18.256510
 109.49989  18.256520
 109.49989  18.256530
 109.49989  18.256540
 109.49989  18.256550
 109.49989  18.256560
 109.49989  18.256570
 109.49989  18.256580
 109.49989  18.256590
 109.49989  18.256600
 109.49989  18.256610
 109.49989  18.256620
 109.49989  18.256630
 109.49989  18.256640
 109.49989  18.256650
 109.49989  18.256660
 109.49989  18.256670
