 109.49674  18.249868
 109.49675  18.249878
 109.49676  18.249888
 109.49677  18.249898
 109.49678  18.249908
 109.49679  18.249918
 109.49680  18.249928
 109.49681  18.249938
 109.49682  18.249948
 109.49683  18.249958
 109.49684  18.249968
 109.49685  18.249978
 109.49686  18.249988
 109.49687  18.249998
 109.49688  18.250008
 109.49689  18.250018
 109.49690  18.250028
 109.49691  18.250038
 109.49692  18.250048
 109.49693  18.250058
 109.49694  18.250068
 109.49695  18.250078
 109.49696  18.250088
 109.49697  18.250098
 109.49698  18.250108
 109.49699  18.250118
 109.49700  18.250128
 109.49701  18.250138
 109.49702  18.250148
 109.49703  18.250158
 109.49704  18.250168
 109.49705  18.250178
 109.49706  18.250188
 109.49707  18.250198
 109.49708  18.250208
 109.49709  18.250218
 109.49710  18.250228
 109.49711  18.250238
 109.49712  18.250248
 109.49713  18.250258
 109.49714  18.250268
 109.49715  18.250278
 109.49716  18.250288
 109.49717  18.250298
 109.49718  18.250308
 109.49719  18.250318
 109.49720  18.250328
 109.49721  18.250338
 109.49722  18.250348
 109.49723  18.250358
 109.49724  18.250368
 109.49725  18.250378
 109.49726  18.250388
 109.49727  18.250398
 109.49728  18.250408
 109.49729  18.250418
 109.49730  18.250428
 109.49731  18.250438
 109.49732  18.250448
 109.49733  18.250458
 109.49734  18.250468
 109.49735  18.250478
 109.49736  18.250488
 109.49737  18.250498
 109.49738  18.250508
 109.49739  18.250518
 109.49740  18.250528
 109.49741  18.250538
 109.49742  18.250548
 109.49743  18.250558
 109.49744  18.250568
 109.49745  18.250578
 109.49746  18.250588
 109.49747  18.250598
 109.49748  18.250608
 109.49749  18.250618
 109.49750  18.250628
 109.49751  18.250638
 109.49752  18.250648
 109.49753  18.250658
 109.49754  18.250668
 109.49755  18.250678
 109.49756  18.250688
 109.49757  18.250698
 109.49758  18.250708
 109.49759  18.250718
 109.49760  18.250728
 109.49761  18.250738
 109.49762  18.250748
 109.49763  18.250758
 109.49764  18.250768
 109.49765  18.250778
 109.49766  18.250788
 109.49767  18.250798
 109.49768  18.250808
 109.49769  18.250818
 109.49770  18.250828
 109.49771  18.250838
 109.49772  18.250848
 109.49773  18.250858
 109.49774  18.250868
 109.49775  18.250878
 109.49776  18.250888
 109.49777  18.250898
 109.49778  18.250908
 109.49779  18.250918
 109.49780  18.250928
 109.49781  18.250938
 109.49782  18.250948
 109.49783  18.250958
 109.49784  18.250968
 109.49785  18.250978
 109.49786  18.250988
 109.49787  18.250998
 109.49788  18.251008
 109.49789  18.251018
 109.49790  18.251028
 109.49791  18.251038
 109.49792  18.251048
 109.49793  18.251058
