 109.50428  18.252012
 109.50428  18.252112
 109.50428  18.252212
 109.50428  18.252312
 109.50428  18.252412
 109.50428  18.252512
 109.50428  18.252612
 109.50428  18.252712
 109.50428  18.252812
 109.50428  18.252912
 109.50428  18.253012
 109.50428  18.253112
 109.50428  18.253212
 109.50428  18.253312
 109.50428  18.253412
 109.50428  18.253512
 109.50428  18.253612
 109.50428  18.253712
 109.50428  18.253812
 109.50428  18.253912
 109.50428  18.254012
 109.50428  18.254112
 109.50428  18.254212
 109.50428  18.254312
 109.50428  18.254412
 109.50428  18.254512
 109.50428  18.254612
 109.50428  18.254712
 109.50428  18.254812
 109.50428  18.254912
 109.50428  18.255012
 109.50428  18.255112
 109.50428  18.255212
 109.50428  18.255312
 109.50428  18.255412
 109.50428  18.255512
 109.50428  18.255612
 109.50428  18.255712
 109.50428  18.255812
 109.50428  18.255912
 109.50428  18.256012
 109.50428  18.256112
 109.50428  18.256212
 109.50428  18.256312
 109.50428  18.256412
 109.50428  18.256512
 109.50428  18.256612
 109.50428  18.256712
 109.50428  18.256812
 109.50428  18.256912
 109.50428  18.257012
 109.50428  18.257112
 109.50428  18.257212
 109.50428  18.257312
 109.50428  18.257412
 109.50428  18.257512
 109.50428  18.257612
 109.50428  18.257712
 109.50428  18.257812
 109.50428  18.257912
 109.50428  18.258012
 109.50428  18.258112
 109.50428  18.258212
 109.50428  18.258312
 109.50428  18.258412
 109.50428  18.258512
 109.50428  18.258612
 109.50428  18.258712
 109.50428  18.258812
 109.50428  18.258912
 109.50428  18.259012
 109.50428  18.259112
 109.50428  18.259212
 109.50428  18.259312
 109.50428  18.259412
 109.50428  18.259512
 109.50428  18.259612
 109.50428  18.259712
 109.50428  18.259812
 109.50428  18.259912
 109.50428  18.260012
 109.50428  18.260112
 109.50428  18.260212
 109.50428  18.260312
 109.50428  18.260412
 109.50428  18.260512
 109.50428  18.260612
 109.50428  18.260712
 109.50428  18.260812
 109.50428  18.260912
 109.50428  18.261012
 109.50428  18.261112
 109.50428  18.261212
 109.50428  18.261312
 109.50428  18.261412
 109.50428  18.261512
 109.50428  18.261612
 109.50428  18.261712
 109.50428  18.261812
 109.50428  18.261912
 109.50428  18.262012
 109.50428  18.262112
 109.50428  18.262212
 109.50428  18.262312
 109.50428  18.262412
 109.50428  18.262512
 109.50428  18.262612
 109.50428  18.262712
 109.50428  18.262812
 109.50428  18.262912
 109.50428  18.263012
 109.50428  18.263112
 109.50428  18.263212
 109.50428  18.263312
 109.50428  18.263412
 109.50428  18.263512
 109.50428  18.263612
 109.50428  18.263712
 109.50428  18.263812
 109.50428  18.263912
