 109.50551  18.241070
 109.50551  18.241080
 109.50551  18.241090
 109.50551  18.241100
 109.50551  18.241110
 109.50551  18.241120
 109.50551  18.241130
 109.50551  18.241140
 109.50551  18.241150
 109.50551  18.241160
 109.50551  18.241170
 109.50551  18.241180
 109.50551  18.241190
 109.50551  18.241200
 109.50551  18.241210
 109.50551  18.241220
 109.50551  18.241230
 109.50551  18.241240
 109.50551  18.241250
 109.50551  18.241260
 109.50551  18.241270
 109.50551  18.241280
 109.50551  18.241290
 109.50551  18.241300
 109.50551  18.241310
 109.50551  18.241320
 109.50551  18.241330
 109.50551  18.241340
 109.50551  18.241350
 109.50551  18.241360
 109.50551  18.241370
 109.50551  18.241380
 109.50551  18.241390
 109.50551  18.241400
 109.50551  18.241410
 109.50551  18.241420
 109.50551  18.241430
 109.50551  18.241440
 109.50551  18.241450
 109.50551  18.241460
 109.50551  18.241470
 109.50551  18.241480
 109.50551  18.241490
 109.50551  18.241500
 109.50551  18.241510
 109.50551  18.241520
 109.50551  18.241530
 109.50551  18.241540
 109.50551  18.241550
 109.50551  18.241560
 109.50551  18.241570
 109.50551  18.241580
 109.50551  18.241590
 109.50551  18.241600
 109.50551  18.241610
 109.50551  18.241620
 109.50551  18.241630
 109.50551  18.241640
 109.50551  18.241650
 109.50551  18.241660
 109.50551  18.241670
 109.50551  18.241680
 109.50551  18.241690
 109.50551  18.241700
 109.50551  18.241710
 109.50551  18.241720
 109.50551  18.241730
 109.50551  18.241740
 109.50551  18.241750
 109.50551  18.241760
 109.50551  18.241770
 109.50551  18.241780
 109.50551  18.241790
 109.50551  18.241800
 109.50551  18.241810
 109.50551  18.241820
 109.50551  18.241830
 109.50551  18.241840
 109.50551  18.241850
 109.50551  18.241860
 109.50551  18.241870
 109.50551  18.241880
 109.50551  18.241890
 109.50551  18.241900
 109.50551  18.241910
 109.50551  18.241920
 109.50551  18.241930
 109.50551  18.241940
 109.50551  18.241950
 109.50551  18.241960
 109.50551  18.241970
 109.50551  18.241980
 109.50551  18.241990
 109.50551  18.242000
 109.50551  18.242010
 109.50551  18.242020
 109.50551  18.242030
 109.50551  18.242040
 109.50551  18.242050
 109.50551  18.242060
 109.50551  18.242070
 109.50551  18.242080
 109.50551  18.242090
 109.50551  18.242100
 109.50551  18.242110
 109.50551  18.242120
 109.50551  18.242130
 109.50551  18.242140
 109.50551  18.242150
 109.50551  18.242160
 109.50551  18.242170
 109.50551  18.242180
 109.50551  18.242190
 109.50551  18.242200
 109.50551  18.242210
 109.50551  18.242220
 109.50551  18.242230
 109.50551  18.242240
 109.50551  18.242250
 109.50551  18.242260
