 109.50193  18.245573
 109.50194  18.245603
 109.50195  18.245633
 109.50196  18.245663
 109.50197  18.245693
 109.50198  18.245723
 109.50199  18.245753
 109.50200  18.245783
 109.50201  18.245813
 109.50202  18.245843
 109.50203  18.245873
 109.50204  18.245903
 109.50205  18.245933
 109.50206  18.245963
 109.50207  18.245993
 109.50208  18.246023
 109.50209  18.246053
 109.50210  18.246083
 109.50211  18.246113
 109.50212  18.246143
 109.50213  18.246173
 109.50214  18.246203
 109.50215  18.246233
 109.50216  18.246263
 109.50217  18.246293
 109.50218  18.246323
 109.50219  18.246353
 109.50220  18.246383
 109.50221  18.246413
 109.50222  18.246443
 109.50223  18.246473
 109.50224  18.246503
 109.50225  18.246533
 109.50226  18.246563
 109.50227  18.246593
 109.50228  18.246623
 109.50229  18.246653
 109.50230  18.246683
 109.50231  18.246713
 109.50232  18.246743
 109.50233  18.246773
 109.50234  18.246803
 109.50235  18.246833
 109.50236  18.246863
 109.50237  18.246893
 109.50238  18.246923
 109.50239  18.246953
 109.50240  18.246983
 109.50241  18.247013
 109.50242  18.247043
 109.50243  18.247073
 109.50244  18.247103
 109.50245  18.247133
 109.50246  18.247163
 109.50247  18.247193
 109.50248  18.247223
 109.50249  18.247253
 109.50250  18.247283
 109.50251  18.247313
 109.50252  18.247343
 109.50253  18.247373
 109.50254  18.247403
 109.50255  18.247433
 109.50256  18.247463
 109.50257  18.247493
 109.50258  18.247523
 109.50259  18.247553
 109.50260  18.247583
 109.50261  18.247613
 109.50262  18.247643
 109.50263  18.247673
 109.50264  18.247703
 109.50265  18.247733
 109.50266  18.247763
 109.50267  18.247793
 109.50268  18.247823
 109.50269  18.247853
 109.50270  18.247883
 109.50271  18.247913
 109.50272  18.247943
 109.50273  18.247973
 109.50274  18.248003
 109.50275  18.248033
 109.50276  18.248063
 109.50277  18.248093
 109.50278  18.248123
 109.50279  18.248153
 109.50280  18.248183
 109.50281  18.248213
 109.50282  18.248243
 109.50283  18.248273
 109.50284  18.248303
 109.50285  18.248333
 109.50286  18.248363
 109.50287  18.248393
 109.50288  18.248423
 109.50289  18.248453
 109.50290  18.248483
 109.50291  18.248513
 109.50292  18.248543
 109.50293  18.248573
 109.50294  18.248603
 109.50295  18.248633
 109.50296  18.248663
 109.50297  18.248693
 109.50298  18.248723
 109.50299  18.248753
 109.50300  18.248783
 109.50301  18.248813
 109.50302  18.248843
 109.50303  18.248873
 109.50304  18.248903
 109.50305  18.248933
 109.50306  18.248963
 109.50307  18.248993
 109.50308  18.249023
 109.50309  18.249053
 109.50310  18.249083
 109.50311  18.249113
 109.50312  18.249143
