 109.49938  18.257809
 109.49939  18.257909
 109.49940  18.258009
 109.49941  18.258109
 109.49942  18.258209
 109.49943  18.258309
 109.49944  18.258409
 109.49945  18.258509
 109.49946  18.258609
 109.49947  18.258709
 109.49948  18.258809
 109.49949  18.258909
 109.49950  18.259009
 109.49951  18.259109
 109.49952  18.259209
 109.49953  18.259309
 109.49954  18.259409
 109.49955  18.259509
 109.49956  18.259609
 109.49957  18.259709
 109.49958  18.259809
 109.49959  18.259909
 109.49960  18.260009
 109.49961  18.260109
 109.49962  18.260209
 109.49963  18.260309
 109.49964  18.260409
 109.49965  18.260509
 109.49966  18.260609
 109.49967  18.260709
 109.49968  18.260809
 109.49969  18.260909
 109.49970  18.261009
 109.49971  18.261109
 109.49972  18.261209
 109.49973  18.261309
 109.49974  18.261409
 109.49975  18.261509
 109.49976  18.261609
 109.49977  18.261709
 109.49978  18.261809
 109.49979  18.261909
 109.49980  18.262009
 109.49981  18.262109
 109.49982  18.262209
 109.49983  18.262309
 109.49984  18.262409
 109.49985  18.262509
 109.49986  18.262609
 109.49987  18.262709
 109.49988  18.262809
 109.49989  18.262909
 109.49990  18.263009
 109.49991  18.263109
 109.49992  18.263209
 109.49993  18.263309
 109.49994  18.263409
 109.49995  18.263509
 109.49996  18.263609
 109.49997  18.263709
 109.49998  18.263809
 109.49999  18.263909
 109.50000  18.264009
 109.50001  18.264109
 109.50002  18.264209
 109.50003  18.264309
 109.50004  18.264409
 109.50005  18.264509
 109.50006  18.264609
 109.50007  18.264709
 109.50008  18.264809
 109.50009  18.264909
 109.50010  18.265009
 109.50011  18.265109
 109.50012  18.265209
 109.50013  18.265309
 109.50014  18.265409
 109.50015  18.265509
 109.50016  18.265609
 109.50017  18.265709
 109.50018  18.265809
 109.50019  18.265909
 109.50020  18.266009
 109.50021  18.266109
 109.50022  18.266209
 109.50023  18.266309
 109.50024  18.266409
 109.50025  18.266509
 109.50026  18.266609
 109.50027  18.266709
 109.50028  18.266809
 109.50029  18.266909
 109.50030  18.267009
 109.50031  18.267109
 109.50032  18.267209
 109.50033  18.267309
 109.50034  18.267409
 109.50035  18.267509
 109.50036  18.267609
 109.50037  18.267709
 109.50038  18.267809
 109.50039  18.267909
 109.50040  18.268009
 109.50041  18.268109
 109.50042  18.268209
 109.50043  18.268309
 109.50044  18.268409
 109.50045  18.268509
 109.50046  18.268609
 109.50047  18.268709
 109.50048  18.268809
 109.50049  18.268909
 109.50050  18.269009
 109.50051  18.269109
 109.50052  18.269209
 109.50053  18.269309
 109.50054  18.269409
 109.50055  18.269509
 109.50056  18.269609
 109.50057  18.269709
