 109.50212  18.245365
 109.50215  18.245331
 109.50218  18.245297
 109.50221  18.245263
 109.50224  18.245229
 109.50227  18.245195
 109.50230  18.245161
 109.50233  18.245127
 109.50236  18.245093
 109.50239  18.245059
 109.50242  18.245025
 109.50245  18.244991
 109.50248  18.244957
 109.50251  18.244923
 109.50254  18.244889
 109.50257  18.244855
 109.50260  18.244821
 109.50263  18.244787
 109.50266  18.244753
 109.50269  18.244719
 109.50272  18.244685
 109.50275  18.244651
 109.50278  18.244617
 109.50281  18.244583
 109.50284  18.244549
 109.50287  18.244515
 109.50290  18.244481
 109.50293  18.244447
 109.50296  18.244413
 109.50299  18.244379
 109.50302  18.244345
 109.50305  18.244311
 109.50308  18.244277
 109.50311  18.244243
 109.50314  18.244209
 109.50317  18.244175
 109.50320  18.244141
 109.50323  18.244107
 109.50326  18.244073
 109.50329  18.244039
 109.50332  18.244005
 109.50335  18.243971
 109.50338  18.243937
 109.50341  18.243903
 109.50344  18.243869
 109.50347  18.243835
 109.50350  18.243801
 109.50353  18.243767
 109.50356  18.243733
 109.50359  18.243699
 109.50362  18.243665
 109.50365  18.243631
 109.50368  18.243597
 109.50371  18.243563
 109.50374  18.243529
 109.50377  18.243495
 109.50380  18.243461
 109.50383  18.243427
 109.50386  18.243393
 109.50389  18.243359
 109.50392  18.243325
 109.50395  18.243291
 109.50398  18.243257
 109.50401  18.243223
 109.50404  18.243189
 109.50407  18.243155
 109.50410  18.243121
 109.50413  18.243087
 109.50416  18.243053
 109.50419  18.243019
 109.50422  18.242985
 109.50425  18.242951
 109.50428  18.242917
 109.50431  18.242883
 109.50434  18.242849
 109.50437  18.242815
 109.50440  18.242781
 109.50443  18.242747
 109.50446  18.242713
 109.50449  18.242679
 109.50452  18.242645
 109.50455  18.242611
 109.50458  18.242577
 109.50461  18.242543
 109.50464  18.242509
 109.50467  18.242475
 109.50470  18.242441
 109.50473  18.242407
 109.50476  18.242373
 109.50479  18.242339
 109.50482  18.242305
 109.50485  18.242271
 109.50488  18.242237
 109.50491  18.242203
 109.50494  18.242169
 109.50497  18.242135
 109.50500  18.242101
 109.50503  18.242067
 109.50506  18.242033
 109.50509  18.241999
 109.50512  18.241965
 109.50515  18.241931
 109.50518  18.241897
 109.50521  18.241863
 109.50524  18.241829
 109.50527  18.241795
 109.50530  18.241761
 109.50533  18.241727
 109.50536  18.241693
 109.50539  18.241659
 109.50542  18.241625
 109.50545  18.241591
 109.50548  18.241557
 109.50551  18.241523
 109.50554  18.241489
 109.50557  18.241455
 109.50560  18.241421
 109.50563  18.241387
 109.50566  18.241353
 109.50569  18.241319
