 109.50321  18.237896
 109.50321  18.237897
 109.50320  18.237898
 109.50320  18.237899
 109.50320  18.237900
 109.50320  18.237901
 109.50319  18.237902
 109.50319  18.237903
 109.50319  18.237904
 109.50318  18.237905
 109.50318  18.237906
 109.50318  18.237907
 109.50317  18.237908
 109.50317  18.237909
 109.50317  18.237910
 109.50317  18.237911
 109.50316  18.237912
 109.50316  18.237913
 109.50316  18.237914
 109.50315  18.237915
 109.50315  18.237916
 109.50315  18.237917
 109.50314  18.237918
 109.50314  18.237919
 109.50314  18.237920
 109.50314  18.237921
 109.50313  18.237922
 109.50313  18.237923
 109.50313  18.237924
 109.50312  18.237925
 109.50312  18.237926
 109.50312  18.237927
 109.50311  18.237928
 109.50311  18.237929
 109.50311  18.237930
 109.50311  18.237931
 109.50310  18.237932
 109.50310  18.237933
 109.50310  18.237934
 109.50309  18.237935
 109.50309  18.237936
 109.50309  18.237937
 109.50308  18.237938
 109.50308  18.237939
 109.50308  18.237940
 109.50308  18.237941
 109.50307  18.237942
 109.50307  18.237943
 109.50307  18.237944
 109.50306  18.237945
 109.50306  18.237946
 109.50306  18.237947
 109.50305  18.237948
 109.50305  18.237949
 109.50305  18.237950
 109.50305  18.237951
 109.50304  18.237952
 109.50304  18.237953
 109.50304  18.237954
 109.50303  18.237955
 109.50303  18.237956
 109.50303  18.237957
 109.50302  18.237958
 109.50302  18.237959
 109.50302  18.237960
 109.50302  18.237961
 109.50301  18.237962
 109.50301  18.237963
 109.50301  18.237964
 109.50300  18.237965
 109.50300  18.237966
 109.50300  18.237967
 109.50299  18.237968
 109.50299  18.237969
 109.50299  18.237970
 109.50299  18.237971
 109.50298  18.237972
 109.50298  18.237973
 109.50298  18.237974
 109.50297  18.237975
 109.50297  18.237976
 109.50297  18.237977
 109.50296  18.237978
 109.50296  18.237979
 109.50296  18.237980
 109.50296  18.237981
 109.50295  18.237982
 109.50295  18.237983
 109.50295  18.237984
 109.50294  18.237985
 109.50294  18.237986
 109.50294  18.237987
 109.50293  18.237988
 109.50293  18.237989
 109.50293  18.237990
 109.50293  18.237991
 109.50292  18.237992
 109.50292  18.237993
 109.50292  18.237994
 109.50291  18.237995
 109.50291  18.237996
 109.50291  18.237997
 109.50290  18.237998
 109.50290  18.237999
 109.50290  18.238000
 109.50290  18.238001
 109.50289  18.238002
 109.50289  18.238003
 109.50289  18.238004
 109.50288  18.238005
 109.50288  18.238006
 109.50288  18.238007
 109.50287  18.238008
 109.50287  18.238009
 109.50287  18.238010
 109.50287  18.238011
 109.50286  18.238012
 109.50286  18.238013
 109.50286  18.238014
 109.50285  18.238015
