 109.49955  18.256807
 109.49955 148.256797
 109.49954 278.256787
 109.49954 408.256777
 109.49954 538.256767
 109.49953 668.256757
 109.49953 798.256747
 109.49953 928.256737
 109.49953 1058.256727
 109.49952 1188.256717
 109.49952 1318.256707
 109.49952 1448.256697
 109.49951 1578.256687
 109.49951 1708.256677
 109.49951 1838.256667
 109.49951 1968.256657
 109.49950 2098.256647
 109.49950 2228.256637
 109.49950 2358.256627
 109.49949 2488.256617
 109.49949 2618.256607
 109.49949 2748.256597
 109.49948 2878.256587
 109.49948 3008.256577
 109.49948 3138.256567
 109.49948 3268.256557
 109.49947 3398.256547
 109.49947 3528.256537
 109.49947 3658.256527
 109.49946 3788.256517
 109.49946 3918.256507
 109.49946 4048.256497
 109.49945 4178.256487
 109.49945 4308.256477
 109.49945 4438.256467
 109.49944 4568.256457
 109.49944 4698.256447
 109.49944 4828.256437
 109.49944 4958.256427
 109.49943 5088.256417
 109.49943 5218.256407
 109.49943 5348.256397
 109.49942 5478.256387
 109.49942 5608.256377
 109.49942 5738.256367
 109.49942 5868.256357
 109.49941 5998.256347
 109.49941 6128.256337
 109.49941 6258.256327
 109.49940 6388.256317
 109.49940 6518.256307
 109.49940 6648.256297
 109.49939 6778.256287
 109.49939 6908.256277
 109.49939 7038.256267
 109.49939 7168.256257
 109.49938 7298.256247
 109.49938 7428.256237
 109.49938 7558.256227
 109.49937 7688.256217
 109.49937 7818.256207
 109.49937 7948.256197
 109.49936 8078.256187
 109.49936 8208.256177
 109.49936 8338.256167
 109.49935 8468.256157
 109.49935 8598.256147
 109.49935 8728.256137
 109.49935 8858.256127
 109.49934 8988.256117
 109.49934 9118.256107
 109.49934 9248.256097
 109.49933 9378.256087
 109.49933 9508.256077
 109.49933 9638.256067
 109.49933 9768.256057
 109.49932 9898.256047
 109.49932 10028.256037
 109.49932 10158.256027
 109.49931 10288.256017
 109.49931 10418.256007
 109.49931 10548.255997
 109.49930 10678.255987
 109.49930 10808.255977
 109.49930 10938.255967
 109.49930 11068.255957
 109.49929 11198.255947
 109.49929 11328.255937
 109.49929 11458.255927
 109.49928 11588.255917
 109.49928 11718.255907
 109.49928 11848.255897
 109.49927 11978.255887
 109.49927 12108.255877
 109.49927 12238.255867
 109.49927 12368.255857
 109.49926 12498.255847
 109.49926 12628.255837
 109.49926 12758.255827
 109.49925 12888.255817
 109.49925 13018.255807
 109.49925 13148.255797
 109.49924 13278.255787
 109.49924 13408.255777
 109.49924 13538.255767
 109.49924 13668.255757
 109.49923 13798.255747
 109.49923 13928.255737
 109.49923 14058.255727
 109.49922 14188.255717
 109.49922 14318.255707
 109.49922 14448.255697
 109.49921 14578.255687
 109.49921 14708.255677
 109.49921 14838.255667
 109.49921 14968.255657
 109.49920 15098.255647
 109.49920 15228.255637
 109.49920 15358.255627
 109.49919 15488.255617
