 109.49456  18.261913
 109.49460  18.261914
 109.49464  18.261915
 109.49468  18.261916
 109.49472  18.261917
 109.49476  18.261918
 109.49480  18.261919
 109.49484  18.261920
 109.49488  18.261921
 109.49492  18.261922
 109.49496  18.261923
 109.49500  18.261924
 109.49504  18.261925
 109.49508  18.261926
 109.49512  18.261927
 109.49516  18.261928
 109.49520  18.261929
 109.49524  18.261930
 109.49528  18.261931
 109.49532  18.261932
 109.49536  18.261933
 109.49540  18.261934
 109.49544  18.261935
 109.49548  18.261936
 109.49552  18.261937
 109.49556  18.261938
 109.49560  18.261939
 109.49564  18.261940
 109.49568  18.261941
 109.49572  18.261942
 109.49576  18.261943
 109.49580  18.261944
 109.49584  18.261945
 109.49588  18.261946
 109.49592  18.261947
 109.49596  18.261948
 109.49600  18.261949
 109.49604  18.261950
 109.49608  18.261951
 109.49612  18.261952
 109.49616  18.261953
 109.49620  18.261954
 109.49624  18.261955
 109.49628  18.261956
 109.49632  18.261957
 109.49636  18.261958
 109.49640  18.261959
 109.49644  18.261960
 109.49648  18.261961
 109.49652  18.261962
 109.49656  18.261963
 109.49660  18.261964
 109.49664  18.261965
 109.49668  18.261966
 109.49672  18.261967
 109.49676  18.261968
 109.49680  18.261969
 109.49684  18.261970
 109.49688  18.261971
 109.49692  18.261972
 109.49696  18.261973
 109.49700  18.261974
 109.49704  18.261975
 109.49708  18.261976
 109.49712  18.261977
 109.49716  18.261978
 109.49720  18.261979
 109.49724  18.261980
 109.49728  18.261981
 109.49732  18.261982
 109.49736  18.261983
 109.49740  18.261984
 109.49744  18.261985
 109.49748  18.261986
 109.49752  18.261987
 109.49756  18.261988
 109.49760  18.261989
 109.49764  18.261990
 109.49768  18.261991
 109.49772  18.261992
 109.49776  18.261993
 109.49780  18.261994
 109.49784  18.261995
 109.49788  18.261996
 109.49792  18.261997
 109.49796  18.261998
 109.49800  18.261999
 109.49804  18.262000
 109.49808  18.262001
 109.49812  18.262002
 109.49816  18.262003
 109.49820  18.262004
 109.49824  18.262005
 109.49828  18.262006
 109.49832  18.262007
 109.49836  18.262008
 109.49840  18.262009
 109.49844  18.262010
 109.49848  18.262011
 109.49852  18.262012
 109.49856  18.262013
 109.49860  18.262014
 109.49864  18.262015
 109.49868  18.262016
 109.49872  18.262017
 109.49876  18.262018
 109.49880  18.262019
 109.49884  18.262020
 109.49888  18.262021
 109.49892  18.262022
 109.49896  18.262023
 109.49900  18.262024
 109.49904  18.262025
 109.49908  18.262026
 109.49912  18.262027
 109.49916  18.262028
 109.49920  18.262029
 109.49924  18.262030
 109.49928  18.262031
 109.49932  18.262032
