 109.50144  18.258660
 109.50142  18.258702
 109.50139  18.258743
 109.50137  18.258785
 109.50135  18.258826
 109.50133  18.258868
 109.50130  18.258909
 109.50128  18.258951
 109.50126  18.258992
 109.50124  18.259075
 109.50121  18.259158
 109.50119  18.259241
 109.50117  18.259324
 109.50115  18.259407
 109.50112  18.259490
 109.50110  18.259573
 109.50108  18.259656
 109.50106  18.259739
 109.50103  18.259822
 109.50101  18.259905
 109.50099  18.259988
 109.50097  18.260071
 109.50094  18.260154
 109.50092  18.260237
 109.50090  18.260320
 109.50088  18.260403
 109.50086  18.260486
 109.50083  18.260569
 109.50081  18.260652
 109.50079  18.260735
 109.50077  18.260818
 109.50074  18.260901
 109.50072  18.260984
 109.50070  18.261067
 109.50068  18.261150
 109.50065  18.261233
 109.50063  18.261316
 109.50061  18.261399
 109.50059  18.261482
 109.50056  18.261565
 109.50054  18.261648
 109.50052  18.261731
 109.50050  18.261814
 109.50047  18.261897
 109.50045  18.261980
 109.50043  18.262063
 109.50041  18.262146
 109.50038  18.262229
 109.50036  18.262312
 109.50034  18.262395
 109.50032  18.262478
 109.50030  18.262561
 109.50027  18.262644
 109.50025  18.262727
 109.50023  18.262810
 109.50021  18.262893
 109.50018  18.262976
 109.50016  18.263059
 109.50014  18.263142
 109.50012  18.263225
 109.50009  18.263308
 109.50007  18.263391
 109.50005  18.263474
 109.50003  18.263557
 109.50000  18.263640
 109.49998  18.263723
 109.49996  18.263806
 109.49994  18.263889
 109.49991  18.263972
 109.49989  18.264055
 109.49987  18.264138
 109.49985  18.264221
 109.49982  18.264304
 109.49980  18.264387
 109.49978  18.264470
 109.49976  18.264553
 109.49974  18.264636
 109.49971  18.264719
 109.49969  18.264802
 109.49967  18.264885
 109.49965  18.264968
 109.49962  18.265051
 109.49960  18.265134
 109.49958  18.265217
 109.49956  18.265300
 109.49953  18.265383
 109.49951  18.265466
 109.49949  18.265549
 109.49947  18.265632
 109.49944  18.265715
 109.49942  18.265798
 109.49940  18.265881
 109.49938  18.265964
 109.49935  18.266047
 109.49933  18.266130
 109.49931  18.266213
 109.49929  18.266296
 109.49926  18.266379
 109.49924  18.266462
 109.49922  18.266545
 109.49920  18.266628
 109.49918  18.266711
 109.49915  18.266794
 109.49913  18.266877
 109.49911  18.266960
 109.49909  18.267043
 109.49906  18.267126
 109.49904  18.267209
 109.49902  18.267292
 109.49900  18.267375
 109.49897  18.267458
 109.49895  18.267541
 109.49893  18.267624
 109.49891  18.267707
 109.49888  18.267790
 109.49886  18.267873
 109.49884  18.267956
 109.49882  18.268039
 109.49879  18.268122
 109.49877  18.268205
