 109.49447  18.255772
 109.49451  18.255696
 109.49455  18.255621
 109.49459  18.255545
 109.49463  18.255469
 109.49467  18.255394
 109.49471  18.255318
 109.49475  18.255242
 109.49479  18.255166
 109.49483  18.255091
 109.49487  18.255015
 109.49491  18.254939
 109.49495  18.254864
 109.49499  18.254788
 109.49503  18.254712
 109.49507  18.254637
 109.49511  18.254561
 109.49515  18.254485
 109.49519  18.254409
 109.49523  18.254334
 109.49527  18.254258
 109.49531  18.254182
 109.49535  18.254107
 109.49539  18.254031
 109.49543  18.253955
 109.49547  18.253880
 109.49551  18.253804
 109.49555  18.253728
 109.49559  18.253652
 109.49563  18.253577
 109.49567  18.253501
 109.49571  18.253425
 109.49575  18.253350
 109.49579  18.253274
 109.49583  18.253198
 109.49587  18.253123
 109.49591  18.253047
 109.49595  18.252971
 109.49599  18.252895
 109.49603  18.252820
 109.49607  18.252744
 109.49611  18.252668
 109.49615  18.252593
 109.49619  18.252517
 109.49623  18.252441
 109.49627  18.252366
 109.49631  18.252290
 109.49635  18.252214
 109.49639  18.252138
 109.49643  18.252063
 109.49647  18.251987
 109.49651  18.251911
 109.49655  18.251836
 109.49659  18.251760
 109.49663  18.251684
 109.49667  18.251609
 109.49671  18.251533
 109.49675  18.251457
 109.49679  18.251381
 109.49683  18.251306
 109.49687  18.251230
 109.49691  18.251154
 109.49695  18.251079
 109.49699  18.251003
 109.49703  18.250927
 109.49707  18.250852
 109.49711  18.250776
 109.49715  18.250700
 109.49719  18.250624
 109.49723  18.250549
 109.49727  18.250473
 109.49731  18.250397
 109.49735  18.250322
 109.49739  18.250246
 109.49743  18.250170
 109.49747  18.250094
 109.49751  18.250019
 109.49755  18.249943
 109.49759  18.249867
 109.49763  18.249792
 109.49767  18.249716
 109.49771  18.249640
 109.49775  18.249565
 109.49779  18.249489
 109.49783  18.249413
 109.49787  18.249337
 109.49791  18.249262
 109.49795  18.249186
 109.49799  18.249110
 109.49803  18.249035
 109.49807  18.248959
 109.49811  18.248883
 109.49815  18.248808
 109.49819  18.248732
 109.49823  18.248656
 109.49827  18.248580
 109.49831  18.248505
 109.49835  18.248429
 109.49839  18.248353
 109.49843  18.248278
 109.49847  18.248202
 109.49851  18.248126
 109.49855  18.248051
 109.49859  18.247975
 109.49863  18.247899
 109.49867  18.247823
 109.49871  18.247748
 109.49875  18.247672
 109.49879  18.247596
 109.49883  18.247521
 109.49887  18.247445
 109.49891  18.247369
 109.49895  18.247294
 109.49899  18.247218
 109.49903  18.247142
 109.49907  18.247066
 109.49911  18.246991
 109.49915  18.246915
 109.49919  18.246839
 109.49923  18.246764
