 109.50404  18.254103
 109.50405  18.254023
 109.50406  18.253943
 109.50407  18.253863
 109.50408  18.253783
 109.50409  18.253703
 109.50410  18.253623
 109.50411  18.253543
 109.50412  18.253463
 109.50413  18.253383
 109.50414  18.253303
 109.50415  18.253223
 109.50416  18.253143
 109.50417  18.253063
 109.50418  18.252983
 109.50419  18.252903
 109.50420  18.252823
 109.50421  18.252743
 109.50422  18.252663
 109.50423  18.252583
 109.50424  18.252503
 109.50425  18.252423
 109.50426  18.252343
 109.50427  18.252263
 109.50428  18.252183
 109.50429  18.252103
 109.50430  18.252023
 109.50431  18.251943
 109.50432  18.251863
 109.50433  18.251783
 109.50434  18.251703
 109.50435  18.251623
 109.50436  18.251543
 109.50437  18.251463
 109.50438  18.251383
 109.50439  18.251303
 109.50440  18.251223
 109.50441  18.251143
 109.50442  18.251063
 109.50443  18.250983
 109.50444  18.250903
 109.50445  18.250823
 109.50446  18.250743
 109.50447  18.250663
 109.50448  18.250583
 109.50449  18.250503
 109.50450  18.250423
 109.50451  18.250343
 109.50452  18.250263
 109.50453  18.250183
 109.50454  18.250103
 109.50455  18.250023
 109.50456  18.249943
 109.50457  18.249863
 109.50458  18.249783
 109.50459  18.249703
 109.50460  18.249623
 109.50461  18.249543
 109.50462  18.249463
 109.50463  18.249383
 109.50464  18.249303
 109.50465  18.249223
 109.50466  18.249143
 109.50467  18.249063
 109.50468  18.248983
 109.50469  18.248903
 109.50470  18.248823
 109.50471  18.248743
 109.50472  18.248663
 109.50473  18.248583
 109.50474  18.248503
 109.50475  18.248423
 109.50476  18.248343
 109.50477  18.248263
 109.50478  18.248183
 109.50479  18.248103
 109.50480  18.248023
 109.50481  18.247943
 109.50482  18.247863
 109.50483  18.247783
 109.50484  18.247703
 109.50485  18.247623
 109.50486  18.247543
 109.50487  18.247463
 109.50488  18.247383
 109.50489  18.247303
 109.50490  18.247223
 109.50491  18.247143
 109.50492  18.247063
 109.50493  18.246983
 109.50494  18.246903
 109.50495  18.246823
 109.50496  18.246743
 109.50497  18.246663
 109.50498  18.246583
 109.50499  18.246503
 109.50500  18.246423
 109.50501  18.246343
 109.50502  18.246263
 109.50503  18.246183
 109.50504  18.246103
 109.50505  18.246023
 109.50506  18.245943
 109.50507  18.245863
 109.50508  18.245783
 109.50509  18.245703
 109.50510  18.245623
 109.50511  18.245543
 109.50512  18.245463
 109.50513  18.245383
 109.50514  18.245303
 109.50515  18.245223
 109.50516  18.245143
 109.50517  18.245063
 109.50518  18.244983
 109.50519  18.244903
 109.50520  18.244823
 109.50521  18.244743
 109.50522  18.244663
 109.50523  18.244583
