 109.49590  18.260098
 109.49594  18.260108
 109.49598  18.260118
 109.49602  18.260128
 109.49606  18.260138
 109.49610  18.260148
 109.49614  18.260158
 109.49618  18.260168
 109.49622  18.260178
 109.49626  18.260188
 109.49630  18.260198
 109.49634  18.260208
 109.49638  18.260218
 109.49642  18.260228
 109.49646  18.260238
 109.49650  18.260248
 109.49654  18.260258
 109.49658  18.260268
 109.49662  18.260278
 109.49666  18.260288
 109.49670  18.260298
 109.49674  18.260308
 109.49678  18.260318
 109.49682  18.260328
 109.49686  18.260338
 109.49690  18.260348
 109.49694  18.260358
 109.49698  18.260368
 109.49702  18.260378
 109.49706  18.260388
 109.49710  18.260398
 109.49714  18.260408
 109.49718  18.260418
 109.49722  18.260428
 109.49726  18.260438
 109.49730  18.260448
 109.49734  18.260458
 109.49738  18.260468
 109.49742  18.260478
 109.49746  18.260488
 109.49750  18.260498
 109.49754  18.260508
 109.49758  18.260518
 109.49762  18.260528
 109.49766  18.260538
 109.49770  18.260548
 109.49774  18.260558
 109.49778  18.260568
 109.49782  18.260578
 109.49786  18.260588
 109.49790  18.260598
 109.49794  18.260608
 109.49798  18.260618
 109.49802  18.260628
 109.49806  18.260638
 109.49810  18.260648
 109.49814  18.260658
 109.49818  18.260668
 109.49822  18.260678
 109.49826  18.260688
 109.49830  18.260698
 109.49834  18.260708
 109.49838  18.260718
 109.49842  18.260728
 109.49846  18.260738
 109.49850  18.260748
 109.49854  18.260758
 109.49858  18.260768
 109.49862  18.260778
 109.49866  18.260788
 109.49870  18.260798
 109.49874  18.260808
 109.49878  18.260818
 109.49882  18.260828
 109.49886  18.260838
 109.49890  18.260848
 109.49894  18.260858
 109.49898  18.260868
 109.49902  18.260878
 109.49906  18.260888
 109.49910  18.260898
 109.49914  18.260908
 109.49918  18.260918
 109.49922  18.260928
 109.49926  18.260938
 109.49930  18.260948
 109.49934  18.260958
 109.49938  18.260968
 109.49942  18.260978
 109.49946  18.260988
 109.49950  18.260998
 109.49954  18.261008
 109.49958  18.261018
 109.49962  18.261028
 109.49966  18.261038
 109.49970  18.261048
 109.49974  18.261058
 109.49978  18.261068
 109.49982  18.261078
 109.49986  18.261088
 109.49990  18.261098
 109.49994  18.261108
 109.49998  18.261118
 109.50002  18.261128
 109.50006  18.261138
 109.50010  18.261148
 109.50014  18.261158
 109.50018  18.261168
 109.50022  18.261178
 109.50026  18.261188
 109.50030  18.261198
 109.50034  18.261208
 109.50038  18.261218
 109.50042  18.261228
 109.50046  18.261238
 109.50050  18.261248
 109.50054  18.261258
 109.50058  18.261268
 109.50062  18.261278
 109.50066  18.261288
