 109.49873  18.261953
 109.49872  18.261943
 109.49872  18.261933
 109.49872  18.261923
 109.49871  18.261913
 109.49871  18.261903
 109.49870  18.261893
 109.49870  18.261883
 109.49869  18.261873
 109.49868  18.261863
 109.49868  18.261853
 109.49868  18.261843
 109.49867  18.261833
 109.49867  18.261823
 109.49866  18.261813
 109.49866  18.261803
 109.49865  18.261793
 109.49865  18.261783
 109.49864  18.261773
 109.49863  18.261763
 109.49863  18.261753
 109.49863  18.261743
 109.49862  18.261733
 109.49862  18.261723
 109.49861  18.261713
 109.49861  18.261703
 109.49860  18.261693
 109.49859  18.261683
 109.49859  18.261673
 109.49859  18.261663
 109.49858  18.261653
 109.49858  18.261643
 109.49857  18.261633
 109.49857  18.261623
 109.49856  18.261613
 109.49856  18.261603
 109.49855  18.261593
 109.49854  18.261583
 109.49854  18.261573
 109.49854  18.261563
 109.49853  18.261553
 109.49853  18.261543
 109.49852  18.261533
 109.49852  18.261523
 109.49851  18.261513
 109.49850  18.261503
 109.49850  18.261493
 109.49850  18.261483
 109.49849  18.261473
 109.49849  18.261463
 109.49848  18.261453
 109.49848  18.261443
 109.49847  18.261433
 109.49847  18.261423
 109.49846  18.261413
 109.49846  18.261403
 109.49845  18.261393
 109.49845  18.261383
 109.49844  18.261373
 109.49844  18.261363
 109.49843  18.261353
 109.49843  18.261343
 109.49842  18.261333
 109.49841  18.261323
 109.49841  18.261313
 109.49841  18.261303
 109.49840  18.261293
 109.49840  18.261283
 109.49839  18.261273
 109.49839  18.261263
 109.49838  18.261253
 109.49838  18.261243
 109.49837  18.261233
 109.49837  18.261223
 109.49836  18.261213
 109.49836  18.261203
 109.49835  18.261193
 109.49835  18.261183
 109.49834  18.261173
 109.49834  18.261163
 109.49833  18.261153
 109.49832  18.261143
 109.49832  18.261133
 109.49832  18.261123
 109.49831  18.261113
 109.49831  18.261103
 109.49830  18.261093
 109.49830  18.261083
 109.49829  18.261073
 109.49829  18.261063
 109.49828  18.261053
 109.49828  18.261043
 109.49827  18.261033
 109.49827  18.261023
 109.49826  18.261013
 109.49826  18.261003
 109.49825  18.260993
 109.49825  18.260983
 109.49824  18.260973
 109.49823  18.260963
 109.49823  18.260953
 109.49823  18.260943
 109.49822  18.260933
 109.49822  18.260923
 109.49821  18.260913
 109.49821  18.260903
 109.49820  18.260893
 109.49820  18.260883
 109.49819  18.260873
 109.49819  18.260863
 109.49818  18.260853
 109.49818  18.260843
 109.49817  18.260833
 109.49817  18.260823
 109.49816  18.260813
 109.49816  18.260803
 109.49815  18.260793
 109.49814  18.260783
 109.49814  18.260773
 109.49814  18.260763
