 109.49883  18.262022
 109.49879  18.262012
 109.49875  18.262002
 109.49871  18.261992
 109.49867  18.261982
 109.49863  18.261972
 109.49859  18.261962
 109.49855  18.261952
 109.49851  18.261942
 109.49847  18.261932
 109.49843  18.261922
 109.49839  18.261912
 109.49835  18.261902
 109.49831  18.261892
 109.49827  18.261882
 109.49823  18.261872
 109.49819  18.261862
 109.49815  18.261852
 109.49811  18.261842
 109.49807  18.261832
 109.49803  18.261822
 109.49799  18.261812
 109.49795  18.261802
 109.49791  18.261792
 109.49787  18.261782
 109.49783  18.261772
 109.49779  18.261762
 109.49775  18.261752
 109.49771  18.261742
 109.49767  18.261732
 109.49763  18.261722
 109.49759  18.261712
 109.49755  18.261702
 109.49751  18.261692
 109.49747  18.261682
 109.49743  18.261672
 109.49739  18.261662
 109.49735  18.261652
 109.49731  18.261642
 109.49727  18.261632
 109.49723  18.261622
 109.49719  18.261612
 109.49715  18.261602
 109.49711  18.261592
 109.49707  18.261582
 109.49703  18.261572
 109.49699  18.261562
 109.49695  18.261552
 109.49691  18.261542
 109.49687  18.261532
 109.49683  18.261522
 109.49679  18.261512
 109.49675  18.261502
 109.49671  18.261492
 109.49667  18.261482
 109.49663  18.261472
 109.49659  18.261462
 109.49655  18.261452
 109.49651  18.261442
 109.49647  18.261432
 109.49643  18.261422
 109.49639  18.261412
 109.49635  18.261402
 109.49631  18.261392
 109.49627  18.261382
 109.49623  18.261372
 109.49619  18.261362
 109.49615  18.261352
 109.49611  18.261342
 109.49607  18.261332
 109.49603  18.261322
 109.49599  18.261312
 109.49595  18.261302
 109.49591  18.261292
 109.49587  18.261282
 109.49583  18.261272
 109.49579  18.261262
 109.49575  18.261252
 109.49571  18.261242
 109.49567  18.261232
 109.49563  18.261222
 109.49559  18.261212
 109.49555  18.261202
 109.49551  18.261192
 109.49547  18.261182
 109.49543  18.261172
 109.49539  18.261162
 109.49535  18.261152
 109.49531  18.261142
 109.49527  18.261132
 109.49523  18.261122
 109.49519  18.261112
 109.49515  18.261102
 109.49511  18.261092
 109.49507  18.261082
 109.49503  18.261072
 109.49499  18.261062
 109.49495  18.261052
 109.49491  18.261042
 109.49487  18.261032
 109.49483  18.261022
 109.49479  18.261012
 109.49475  18.261002
 109.49471  18.260992
 109.49467  18.260982
 109.49463  18.260972
 109.49459  18.260962
 109.49455  18.260952
 109.49451  18.260942
 109.49447  18.260932
 109.49443  18.260922
 109.49439  18.260912
 109.49435  18.260902
 109.49431  18.260892
 109.49427  18.260882
 109.49423  18.260872
 109.49419  18.260862
 109.49415  18.260852
 109.49411  18.260842
 109.49407  18.260832
