 109.49575  18.259966
 109.49580  18.259950
 109.49585  18.259934
 109.49590  18.259918
 109.49595  18.259902
 109.49600  18.259886
 109.49605  18.259870
 109.49610  18.259854
 109.49615  18.259838
 109.49620  18.259822
 109.49625  18.259806
 109.49630  18.259790
 109.49635  18.259774
 109.49640  18.259758
 109.49645  18.259742
 109.49650  18.259726
 109.49655  18.259710
 109.49660  18.259694
 109.49665  18.259678
 109.49670  18.259662
 109.49675  18.259646
 109.49680  18.259630
 109.49685  18.259614
 109.49690  18.259598
 109.49695  18.259582
 109.49700  18.259566
 109.49705  18.259550
 109.49710  18.259534
 109.49715  18.259518
 109.49720  18.259502
 109.49725  18.259486
 109.49730  18.259470
 109.49735  18.259454
 109.49740  18.259438
 109.49745  18.259422
 109.49750  18.259406
 109.49755  18.259390
 109.49760  18.259374
 109.49765  18.259358
 109.49770  18.259342
 109.49775  18.259326
 109.49780  18.259310
 109.49785  18.259294
 109.49790  18.259278
 109.49795  18.259262
 109.49800  18.259246
 109.49805  18.259230
 109.49810  18.259214
 109.49815  18.259198
 109.49820  18.259182
 109.49825  18.259166
 109.49829  18.259150
 109.49834  18.259134
 109.49839  18.259118
 109.49844  18.259102
 109.49849  18.259086
 109.49854  18.259070
 109.49859  18.259054
 109.49864  18.259038
 109.49869  18.259022
 109.49874  18.259006
 109.49879  18.258990
 109.49884  18.258974
 109.49889  18.258958
 109.49894  18.258942
 109.49899  18.258926
 109.49904  18.258910
 109.49909  18.258894
 109.49914  18.258878
 109.49919  18.258862
 109.49924  18.258846
 109.49929  18.258830
 109.49934  18.258814
 109.49939  18.258798
 109.49944  18.258782
 109.49949  18.258766
 109.49954  18.258750
 109.49959  18.258734
 109.49964  18.258718
 109.49969  18.258702
 109.49974  18.258686
 109.49979  18.258670
 109.49984  18.258654
 109.49989  18.258638
 109.49994  18.258622
 109.49999  18.258606
 109.50004  18.258590
 109.50009  18.258574
 109.50014  18.258558
 109.50019  18.258542
 109.50024  18.258526
 109.50029  18.258510
 109.50034  18.258494
 109.50039  18.258478
 109.50044  18.258462
 109.50049  18.258446
 109.50054  18.258430
 109.50059  18.258414
 109.50064  18.258398
 109.50069  18.258382
 109.50074  18.258366
 109.50079  18.258350
 109.50084  18.258334
 109.50089  18.258318
 109.50094  18.258302
 109.50099  18.258286
 109.50104  18.258270
 109.50109  18.258254
 109.50114  18.258238
 109.50119  18.258222
 109.50124  18.258206
 109.50129  18.258190
 109.50134  18.258174
 109.50139  18.258158
 109.50144  18.258142
 109.50149  18.258126
 109.50154  18.258110
 109.50159  18.258094
 109.50164  18.258078
 109.50169  18.258062
