 109.49957  18.257051
 109.49955  18.256980
 109.49953  18.256909
 109.49951  18.256838
 109.49949  18.256767
 109.49947  18.256696
 109.49944  18.256625
 109.49943  18.256554
 109.49941  18.256483
 109.49939  18.256412
 109.49937  18.256341
 109.49935  18.256270
 109.49933  18.256199
 109.49931  18.256128
 109.49929  18.256057
 109.49926  18.255986
 109.49925  18.255915
 109.49923  18.255844
 109.49921  18.255773
 109.49919  18.255702
 109.49917  18.255631
 109.49915  18.255560
 109.49913  18.255489
 109.49911  18.255418
 109.49908  18.255347
 109.49907  18.255276
 109.49905  18.255205
 109.49903  18.255134
 109.49901  18.255063
 109.49899  18.254992
 109.49897  18.254921
 109.49895  18.254850
 109.49893  18.254779
 109.49890  18.254708
 109.49889  18.254637
 109.49887  18.254566
 109.49885  18.254495
 109.49883  18.254424
 109.49881  18.254353
 109.49879  18.254282
 109.49877  18.254211
 109.49875  18.254140
 109.49872  18.254069
 109.49871  18.253998
 109.49868  18.253927
 109.49867  18.253856
 109.49865  18.253785
 109.49863  18.253714
 109.49861  18.253643
 109.49859  18.253572
 109.49857  18.253501
 109.49854  18.253430
 109.49853  18.253359
 109.49850  18.253288
 109.49849  18.253217
 109.49847  18.253146
 109.49845  18.253075
 109.49843  18.253004
 109.49841  18.252933
 109.49839  18.252862
 109.49837  18.252791
 109.49835  18.252720
 109.49832  18.252649
 109.49831  18.252578
 109.49829  18.252507
 109.49827  18.252436
 109.49825  18.252365
 109.49823  18.252294
 109.49821  18.252223
 109.49819  18.252152
 109.49817  18.252081
 109.49814  18.252010
 109.49813  18.251939
 109.49811  18.251868
 109.49809  18.251797
 109.49807  18.251726
 109.49805  18.251655
 109.49803  18.251584
 109.49801  18.251513
 109.49799  18.251442
 109.49796  18.251371
 109.49794  18.251300
 109.49792  18.251229
 109.49790  18.251158
 109.49788  18.251087
 109.49786  18.251016
 109.49784  18.250945
 109.49782  18.250874
 109.49780  18.250803
 109.49778  18.250732
 109.49776  18.250661
 109.49774  18.250590
 109.49772  18.250519
 109.49770  18.250448
 109.49768  18.250377
 109.49766  18.250306
 109.49764  18.250235
 109.49762  18.250164
 109.49760  18.250093
 109.49758  18.250022
 109.49756  18.249951
 109.49754  18.249880
 109.49752  18.249809
 109.49750  18.249738
 109.49748  18.249667
 109.49746  18.249596
 109.49744  18.249525
 109.49742  18.249454
 109.49740  18.249383
 109.49738  18.249312
 109.49736  18.249241
 109.49734  18.249170
 109.49732  18.249099
 109.49730  18.249028
 109.49728  18.248957
 109.49726  18.248886
 109.49724  18.248815
 109.49722  18.248744
 109.49720  18.248673
 109.49718  18.248602
