 109.49583  18.260002
 109.49586  18.259980
 109.49589  18.259958
 109.49592  18.259936
 109.49595  18.259914
 109.49598  18.259892
 109.49601  18.259870
 109.49604  18.259848
 109.49607  18.259826
 109.49610  18.259804
 109.49613  18.259782
 109.49616  18.259760
 109.49619  18.259738
 109.49622  18.259716
 109.49625  18.259694
 109.49628  18.259672
 109.49631  18.259650
 109.49634  18.259628
 109.49637  18.259606
 109.49640  18.259584
 109.49643  18.259562
 109.49646  18.259540
 109.49649  18.259518
 109.49652  18.259496
 109.49655  18.259474
 109.49658  18.259452
 109.49661  18.259430
 109.49664  18.259408
 109.49667  18.259386
 109.49670  18.259364
 109.49673  18.259342
 109.49676  18.259320
 109.49679  18.259298
 109.49682  18.259276
 109.49685  18.259254
 109.49688  18.259232
 109.49691  18.259210
 109.49694  18.259188
 109.49697  18.259166
 109.49700  18.259144
 109.49703  18.259122
 109.49706  18.259100
 109.49709  18.259078
 109.49712  18.259056
 109.49715  18.259034
 109.49718  18.259012
 109.49721  18.258990
 109.49724  18.258968
 109.49727  18.258946
 109.49730  18.258924
 109.49733  18.258902
 109.49736  18.258880
 109.49739  18.258858
 109.49742  18.258836
 109.49745  18.258814
 109.49748  18.258792
 109.49751  18.258770
 109.49754  18.258748
 109.49757  18.258726
 109.49760  18.258704
 109.49763  18.258682
 109.49766  18.258660
 109.49769  18.258638
 109.49772  18.258616
 109.49775  18.258594
 109.49778  18.258572
 109.49781  18.258550
 109.49784  18.258528
 109.49787  18.258506
 109.49790  18.258484
 109.49793  18.258462
 109.49796  18.258440
 109.49799  18.258418
 109.49802  18.258396
 109.49805  18.258374
 109.49808  18.258352
 109.49811  18.258330
 109.49814  18.258308
 109.49817  18.258286
 109.49820  18.258264
 109.49823  18.258242
 109.49826  18.258220
 109.49829  18.258198
 109.49832  18.258176
 109.49835  18.258154
 109.49838  18.258132
 109.49841  18.258110
 109.49844  18.258088
 109.49847  18.258066
 109.49850  18.258044
 109.49853  18.258022
 109.49856  18.258000
 109.49859  18.257978
 109.49862  18.257956
 109.49865  18.257934
 109.49868  18.257912
 109.49871  18.257890
 109.49874  18.257868
 109.49877  18.257846
 109.49880  18.257824
 109.49883  18.257802
 109.49886  18.257780
 109.49889  18.257758
 109.49892  18.257736
 109.49895  18.257714
 109.49898  18.257692
 109.49901  18.257670
 109.49904  18.257648
 109.49907  18.257626
 109.49910  18.257604
 109.49913  18.257582
 109.49916  18.257560
 109.49919  18.257538
 109.49922  18.257516
 109.49925  18.257494
 109.49928  18.257472
 109.49931  18.257450
 109.49934  18.257428
 109.49937  18.257406
 109.49940  18.257384
