 109.50422  18.252684
 109.50421  18.245895
 109.50420  18.239106
 109.50419  18.232317
 109.50418  18.225528
 109.50417  18.218739
 109.50416  18.211950
 109.50415  18.205161
 109.50414  18.198372
 109.50413  18.191583
 109.50412  18.184794
 109.50411  18.178005
 109.50410  18.171216
 109.50409  18.164427
 109.50408  18.157638
 109.50407  18.150849
 109.50406  18.144060
 109.50405  18.137271
 109.50404  18.130482
 109.50403  18.123693
 109.50402  18.116904
 109.50401  18.110115
 109.50400  18.103326
 109.50399  18.096537
 109.50398  18.089748
 109.50397  18.082959
 109.50396  18.076170
 109.50395  18.069381
 109.50394  18.062592
 109.50393  18.055803
 109.50392  18.049014
 109.50391  18.042225
 109.50390  18.035436
 109.50389  18.028647
 109.50388  18.021858
 109.50387  18.015069
 109.50386  18.008280
 109.50385  18.001491
 109.50384  17.994702
 109.50383  17.987913
 109.50382  17.981124
 109.50381  17.974335
 109.50380  17.967546
 109.50379  17.960757
 109.50378  17.953968
 109.50377  17.947179
 109.50376  17.940390
 109.50375  17.933601
 109.50374  17.926812
 109.50373  17.920023
 109.50372  17.913234
 109.50371  17.906445
 109.50370  17.899656
 109.50369  17.892867
 109.50368  17.886078
 109.50367  17.879289
 109.50366  17.872500
 109.50365  17.865711
 109.50364  17.858922
 109.50363  17.852133
 109.50362  17.845344
 109.50361  17.838555
 109.50360  17.831766
 109.50359  17.824977
 109.50358  17.818188
 109.50357  17.811399
 109.50356  17.804610
 109.50355  17.797821
 109.50354  17.791032
 109.50353  17.784243
 109.50352  17.777454
 109.50351  17.770665
 109.50350  17.763876
 109.50349  17.757087
 109.50348  17.750298
 109.50347  17.743509
 109.50346  17.736720
 109.50345  17.729931
 109.50344  17.723142
 109.50343  17.716353
 109.50342  17.709564
 109.50341  17.702775
 109.50340  17.695986
 109.50339  17.689197
 109.50338  17.682408
 109.50337  17.675619
 109.50336  17.668830
 109.50335  17.662041
 109.50334  17.655252
 109.50333  17.648463
 109.50332  17.641674
 109.50331  17.634885
 109.50330  17.628096
 109.50329  17.621307
 109.50328  17.614518
 109.50327  17.607729
 109.50326  17.600940
 109.50325  17.594151
 109.50324  17.587362
 109.50323  17.580573
 109.50322  17.573784
 109.50321  17.566995
 109.50320  17.560206
 109.50319  17.553417
 109.50318  17.546628
 109.50317  17.539839
 109.50316  17.533050
 109.50315  17.526261
 109.50314  17.519472
 109.50313  17.512683
 109.50312  17.505894
 109.50311  17.499105
 109.50310  17.492316
 109.50309  17.485527
 109.50308  17.478738
 109.50307  17.471949
 109.50306  17.465160
 109.50305  17.458371
 109.50304  17.451582
 109.50303  17.444793
