 109.49815  18.261967
 109.49812  18.261945
 109.49809  18.261923
 109.49807  18.261901
 109.49804  18.261879
 109.49801  18.261857
 109.49798  18.261835
 109.49795  18.261813
 109.49793  18.261791
 109.49790  18.261769
 109.49787  18.261747
 109.49784  18.261725
 109.49781  18.261703
 109.49778  18.261681
 109.49776  18.261659
 109.49773  18.261637
 109.49770  18.261615
 109.49767  18.261593
 109.49764  18.261571
 109.49762  18.261549
 109.49759  18.261527
 109.49756  18.261505
 109.49753  18.261483
 109.49750  18.261461
 109.49748  18.261439
 109.49745  18.261417
 109.49742  18.261395
 109.49739  18.261373
 109.49736  18.261351
 109.49734  18.261329
 109.49731  18.261307
 109.49728  18.261285
 109.49725  18.261263
 109.49722  18.261241
 109.49719  18.261219
 109.49717  18.261197
 109.49714  18.261175
 109.49711  18.261153
 109.49708  18.261131
 109.49705  18.261109
 109.49703  18.261087
 109.49700  18.261065
 109.49697  18.261043
 109.49694  18.261021
 109.49691  18.260999
 109.49689  18.260977
 109.49686  18.260955
 109.49683  18.260933
 109.49680  18.260911
 109.49677  18.260889
 109.49675  18.260867
 109.49672  18.260845
 109.49669  18.260823
 109.49666  18.260801
 109.49663  18.260779
 109.49660  18.260757
 109.49658  18.260735
 109.49655  18.260713
 109.49652  18.260691
 109.49649  18.260669
 109.49646  18.260647
 109.49644  18.260625
 109.49641  18.260603
 109.49638  18.260581
 109.49635  18.260559
 109.49632  18.260537
 109.49630  18.260515
 109.49627  18.260493
 109.49624  18.260471
 109.49621  18.260449
 109.49618  18.260427
 109.49615  18.260405
 109.49613  18.260383
 109.49610  18.260361
 109.49607  18.260339
 109.49604  18.260317
 109.49601  18.260295
 109.49599  18.260273
 109.49596  18.260251
 109.49593  18.260229
 109.49590  18.260207
 109.49587  18.260185
 109.49585  18.260163
 109.49582  18.260141
 109.49579  18.260119
 109.49576  18.260097
 109.49573  18.260075
 109.49571  18.260053
 109.49568  18.260031
 109.49565  18.260009
 109.49562  18.259987
 109.49559  18.259965
 109.49556  18.259943
 109.49554  18.259921
 109.49551  18.259899
 109.49548  18.259877
 109.49545  18.259855
 109.49542  18.259833
 109.49540  18.259811
 109.49537  18.259789
 109.49534  18.259767
 109.49531  18.259745
 109.49528  18.259723
 109.49526  18.259701
 109.49523  18.259679
 109.49520  18.259657
 109.49517  18.259635
 109.49514  18.259613
 109.49512  18.259591
 109.49509  18.259569
 109.49506  18.259547
 109.49503  18.259525
 109.49500  18.259503
 109.49497  18.259481
 109.49495  18.259459
 109.49492  18.259437
 109.49489  18.259415
 109.49486  18.259393
 109.49483  18.259371
 109.49481  18.259349
