 109.50045  18.252290
 109.50046  18.252260
 109.50047  18.252230
 109.50048  18.252200
 109.50049  18.252170
 109.50050  18.252140
 109.50051  18.252110
 109.50052  18.252080
 109.50053  18.252050
 109.50054  18.252020
 109.50055  18.251990
 109.50056  18.251960
 109.50057  18.251930
 109.50058  18.251900
 109.50059  18.251870
 109.50060  18.251840
 109.50061  18.251810
 109.50062  18.251780
 109.50063  18.251750
 109.50064  18.251720
 109.50065  18.251690
 109.50066  18.251660
 109.50067  18.251630
 109.50068  18.251600
 109.50069  18.251570
 109.50070  18.251540
 109.50071  18.251510
 109.50072  18.251480
 109.50073  18.251450
 109.50074  18.251420
 109.50075  18.251390
 109.50076  18.251360
 109.50077  18.251330
 109.50078  18.251300
 109.50079  18.251270
 109.50080  18.251240
 109.50081  18.251210
 109.50082  18.251180
 109.50083  18.251150
 109.50084  18.251120
 109.50085  18.251090
 109.50086  18.251060
 109.50087  18.251030
 109.50088  18.251000
 109.50089  18.250970
 109.50090  18.250940
 109.50091  18.250910
 109.50092  18.250880
 109.50093  18.250850
 109.50094  18.250820
 109.50095  18.250790
 109.50096  18.250760
 109.50097  18.250730
 109.50098  18.250700
 109.50099  18.250670
 109.50100  18.250640
 109.50101  18.250610
 109.50102  18.250580
 109.50103  18.250550
 109.50104  18.250520
 109.50105  18.250490
 109.50106  18.250460
 109.50107  18.250430
 109.50108  18.250400
 109.50109  18.250370
 109.50110  18.250340
 109.50111  18.250310
 109.50112  18.250280
 109.50113  18.250250
 109.50114  18.250220
 109.50115  18.250190
 109.50116  18.250160
 109.50117  18.250130
 109.50118  18.250100
 109.50119  18.250070
 109.50120  18.250040
 109.50121  18.250010
 109.50122  18.249980
 109.50123  18.249950
 109.50124  18.249920
 109.50125  18.249890
 109.50126  18.249860
 109.50127  18.249830
 109.50128  18.249800
 109.50129  18.249770
 109.50130  18.249740
 109.50131  18.249710
 109.50132  18.249680
 109.50133  18.249650
 109.50134  18.249620
 109.50135  18.249590
 109.50136  18.249560
 109.50137  18.249530
 109.50138  18.249500
 109.50139  18.249470
 109.50140  18.249440
 109.50141  18.249410
 109.50142  18.249380
 109.50143  18.249350
 109.50144  18.249320
 109.50145  18.249290
 109.50146  18.249260
 109.50147  18.249230
 109.50148  18.249200
 109.50149  18.249170
 109.50150  18.249140
 109.50151  18.249110
 109.50152  18.249080
 109.50153  18.249050
 109.50154  18.249020
 109.50155  18.248990
 109.50156  18.248960
 109.50157  18.248930
 109.50158  18.248900
 109.50159  18.248870
 109.50160  18.248840
 109.50161  18.248810
 109.50162  18.248780
 109.50163  18.248750
 109.50164  18.248720
