 109.49975  18.256453
 109.49978  18.256447
 109.49980  18.256441
 109.49983  18.256435
 109.49986  18.256429
 109.49989  18.256423
 109.49991  18.256417
 109.49994  18.256411
 109.49997  18.256405
 109.49999  18.256399
 109.50002  18.256393
 109.50005  18.256387
 109.50007  18.256381
 109.50010  18.256375
 109.50013  18.256369
 109.50016  18.256363
 109.50018  18.256357
 109.50021  18.256351
 109.50024  18.256345
 109.50026  18.256339
 109.50029  18.256333
 109.50032  18.256327
 109.50034  18.256321
 109.50037  18.256315
 109.50040  18.256309
 109.50043  18.256303
 109.50045  18.256297
 109.50048  18.256291
 109.50051  18.256285
 109.50053  18.256279
 109.50056  18.256273
 109.50059  18.256267
 109.50061  18.256261
 109.50064  18.256255
 109.50067  18.256249
 109.50069  18.256243
 109.50072  18.256237
 109.50075  18.256231
 109.50078  18.256225
 109.50080  18.256219
 109.50083  18.256213
 109.50086  18.256207
 109.50088  18.256201
 109.50091  18.256195
 109.50094  18.256189
 109.50096  18.256183
 109.50099  18.256177
 109.50102  18.256171
 109.50105  18.256165
 109.50107  18.256159
 109.50110  18.256153
 109.50113  18.256147
 109.50115  18.256141
 109.50118  18.256135
 109.50121  18.256129
 109.50123  18.256123
 109.50126  18.256117
 109.50129  18.256111
 109.50132  18.256105
 109.50134  18.256099
 109.50137  18.256093
 109.50140  18.256087
 109.50142  18.256081
 109.50145  18.256075
 109.50148  18.256069
 109.50150  18.256063
 109.50153  18.256057
 109.50156  18.256051
 109.50159  18.256045
 109.50161  18.256039
 109.50164  18.256033
 109.50167  18.256027
 109.50169  18.256021
 109.50172  18.256015
 109.50175  18.256009
 109.50177  18.256003
 109.50180  18.255997
 109.50183  18.255991
 109.50186  18.255985
 109.50188  18.255979
 109.50191  18.255973
 109.50194  18.255967
 109.50196  18.255961
 109.50199  18.255955
 109.50202  18.255949
 109.50204  18.255943
 109.50207  18.255937
 109.50210  18.255931
 109.50213  18.255925
 109.50215  18.255919
 109.50218  18.255913
 109.50221  18.255907
 109.50223  18.255901
 109.50226  18.255895
 109.50229  18.255889
 109.50231  18.255883
 109.50234  18.255877
 109.50237  18.255871
 109.50240  18.255865
 109.50242  18.255859
 109.50245  18.255853
 109.50248  18.255847
 109.50250  18.255841
 109.50253  18.255835
 109.50256  18.255829
 109.50258  18.255823
 109.50261  18.255817
 109.50264  18.255811
 109.50267  18.255805
 109.50269  18.255799
 109.50272  18.255793
 109.50275  18.255787
 109.50277  18.255781
 109.50280  18.255775
 109.50283  18.255769
 109.50285  18.255763
 109.50288  18.255757
 109.50291  18.255751
 109.50294  18.255745
 109.50296  18.255739
