 109.50578  18.237234
 109.50576  18.237254
 109.50574  18.237274
 109.50572  18.237294
 109.50570  18.237314
 109.50568  18.237334
 109.50566  18.237354
 109.50564  18.237374
 109.50562  18.237394
 109.50560  18.237414
 109.50558  18.237434
 109.50556  18.237454
 109.50554  18.237474
 109.50552  18.237494
 109.50550  18.237514
 109.50548  18.237534
 109.50546  18.237554
 109.50544  18.237574
 109.50542  18.237594
 109.50540  18.237614
 109.50538  18.237634
 109.50536  18.237654
 109.50534  18.237674
 109.50532  18.237694
 109.50530  18.237714
 109.50528  18.237734
 109.50526  18.237754
 109.50524  18.237774
 109.50522  18.237794
 109.50520  18.237814
 109.50518  18.237834
 109.50516  18.237854
 109.50514  18.237874
 109.50512  18.237894
 109.50510  18.237914
 109.50508  18.237934
 109.50506  18.237954
 109.50504  18.237974
 109.50502  18.237994
 109.50500  18.238014
 109.50498  18.238034
 109.50496  18.238054
 109.50494  18.238074
 109.50492  18.238094
 109.50490  18.238114
 109.50488  18.238134
 109.50486  18.238154
 109.50484  18.238174
 109.50482  18.238194
 109.50480  18.238214
 109.50478  18.238234
 109.50476  18.238254
 109.50474  18.238274
 109.50472  18.238294
 109.50470  18.238314
 109.50468  18.238334
 109.50466  18.238354
 109.50464  18.238374
 109.50462  18.238394
 109.50460  18.238414
 109.50458  18.238434
 109.50456  18.238454
 109.50454  18.238474
 109.50452  18.238494
 109.50450  18.238514
 109.50448  18.238534
 109.50446  18.238554
 109.50444  18.238574
 109.50442  18.238594
 109.50440  18.238614
 109.50438  18.238634
 109.50436  18.238654
 109.50434  18.238674
 109.50432  18.238694
 109.50430  18.238714
 109.50428  18.238734
 109.50426  18.238754
 109.50424  18.238774
 109.50422  18.238794
 109.50420  18.238814
 109.50418  18.238834
 109.50416  18.238854
 109.50414  18.238874
 109.50412  18.238894
 109.50410  18.238914
 109.50408  18.238934
 109.50406  18.238954
 109.50404  18.238974
 109.50402  18.238994
 109.50400  18.239014
 109.50398  18.239034
 109.50396  18.239054
 109.50394  18.239074
 109.50392  18.239094
 109.50390  18.239114
 109.50388  18.239134
 109.50386  18.239154
 109.50384  18.239174
 109.50382  18.239194
 109.50380  18.239214
 109.50378  18.239234
 109.50376  18.239254
 109.50374  18.239274
 109.50372  18.239294
 109.50370  18.239314
 109.50368  18.239334
 109.50366  18.239354
 109.50364  18.239374
 109.50362  18.239394
 109.50360  18.239414
 109.50358  18.239434
 109.50356  18.239454
 109.50354  18.239474
 109.50352  18.239494
 109.50350  18.239514
 109.50348  18.239534
 109.50346  18.239554
 109.50344  18.239574
 109.50342  18.239594
 109.50340  18.239614
