 109.50053  18.250000
 109.50052  18.249950
 109.50051  18.249900
 109.50050  18.249850
 109.50049  18.249800
 109.50048  18.249750
 109.50047  18.249700
 109.50046  18.249650
 109.50045  18.249600
 109.50044  18.249550
 109.50043  18.249500
 109.50042  18.249450
 109.50041  18.249400
 109.50040  18.249350
 109.50039  18.249300
 109.50038  18.249250
 109.50037  18.249200
 109.50036  18.249150
 109.50035  18.249100
 109.50034  18.249050
 109.50033  18.249000
 109.50032  18.248950
 109.50031  18.248900
 109.50030  18.248850
 109.50029  18.248800
 109.50028  18.248750
 109.50027  18.248700
 109.50026  18.248650
 109.50025  18.248600
 109.50024  18.248550
 109.50023  18.248500
 109.50022  18.248450
 109.50021  18.248400
 109.50020  18.248350
 109.50019  18.248300
 109.50018  18.248250
 109.50017  18.248200
 109.50016  18.248150
 109.50015  18.248100
 109.50014  18.248050
 109.50013  18.248000
 109.50012  18.247950
 109.50011  18.247900
 109.50010  18.247850
 109.50009  18.247800
 109.50008  18.247750
 109.50007  18.247700
 109.50006  18.247650
 109.50005  18.247600
 109.50004  18.247550
 109.50003  18.247500
 109.50002  18.247450
 109.50001  18.247400
 109.50000  18.247350
 109.49999  18.247300
 109.49998  18.247250
 109.49997  18.247200
 109.49996  18.247150
 109.49995  18.247100
 109.49994  18.247050
 109.49993  18.247000
 109.49992  18.246950
 109.49991  18.246900
 109.49990  18.246850
 109.49989  18.246800
 109.49988  18.246750
 109.49987  18.246700
 109.49986  18.246650
 109.49985  18.246600
 109.49984  18.246550
 109.49983  18.246500
 109.49982  18.246450
 109.49981  18.246400
 109.49980  18.246350
 109.49979  18.246300
 109.49978  18.246250
 109.49977  18.246200
 109.49976  18.246150
 109.49975  18.246100
 109.49974  18.246050
 109.49973  18.246000
 109.49972  18.245950
 109.49971  18.245900
 109.49970  18.245850
 109.49969  18.245800
 109.49968  18.245750
 109.49967  18.245700
 109.49966  18.245650
 109.49965  18.245600
 109.49964  18.245550
 109.49963  18.245500
 109.49962  18.245450
 109.49961  18.245400
 109.49960  18.245350
 109.49959  18.245300
 109.49958  18.245250
 109.49957  18.245200
 109.49956  18.245150
 109.49955  18.245100
 109.49954  18.245050
 109.49953  18.245000
 109.49952  18.244950
 109.49951  18.244900
 109.49950  18.244850
 109.49949  18.244800
 109.49948  18.244750
 109.49947  18.244700
 109.49946  18.244650
 109.49945  18.244600
 109.49944  18.244550
 109.49943  18.244500
 109.49942  18.244450
 109.49941  18.244400
 109.49940  18.244350
 109.49939  18.244300
 109.49938  18.244250
 109.49937  18.244200
 109.49936  18.244150
 109.49935  18.244100
 109.49934  18.244050
