 109.49828  18.261936
 109.49828  18.261906
 109.49828  18.261876
 109.49829  18.261846
 109.49829  18.261816
 109.49830  18.261786
 109.49830  18.261756
 109.49830  18.261726
 109.49831  18.261696
 109.49831  18.261666
 109.49832  18.261636
 109.49832  18.261606
 109.49832  18.261576
 109.49833  18.261546
 109.49833  18.261516
 109.49834  18.261486
 109.49834  18.261456
 109.49834  18.261426
 109.49835  18.261396
 109.49835  18.261366
 109.49836  18.261336
 109.49836  18.261306
 109.49836  18.261276
 109.49837  18.261246
 109.49837  18.261216
 109.49838  18.261186
 109.49838  18.261156
 109.49838  18.261126
 109.49839  18.261096
 109.49839  18.261066
 109.49840  18.261036
 109.49840  18.261006
 109.49840  18.260976
 109.49841  18.260946
 109.49841  18.260916
 109.49842  18.260886
 109.49842  18.260856
 109.49842  18.260826
 109.49843  18.260796
 109.49843  18.260766
 109.49844  18.260736
 109.49844  18.260706
 109.49844  18.260676
 109.49845  18.260646
 109.49845  18.260616
 109.49846  18.260586
 109.49846  18.260556
 109.49846  18.260526
 109.49847  18.260496
 109.49847  18.260466
 109.49848  18.260436
 109.49848  18.260406
 109.49848  18.260376
 109.49849  18.260346
 109.49849  18.260316
 109.49850  18.260286
 109.49850  18.260256
 109.49850  18.260226
 109.49851  18.260196
 109.49851  18.260166
 109.49852  18.260136
 109.49852  18.260106
 109.49852  18.260076
 109.49853  18.260046
 109.49853  18.260016
 109.49854  18.259986
 109.49854  18.259956
 109.49854  18.259926
 109.49855  18.259896
 109.49855  18.259866
 109.49856  18.259836
 109.49856  18.259806
 109.49856  18.259776
 109.49857  18.259746
 109.49857  18.259716
 109.49858  18.259686
 109.49858  18.259656
 109.49858  18.259626
 109.49859  18.259596
 109.49859  18.259566
 109.49860  18.259536
 109.49860  18.259506
 109.49860  18.259476
 109.49861  18.259446
 109.49861  18.259416
 109.49862  18.259386
 109.49862  18.259356
 109.49862  18.259326
 109.49863  18.259296
 109.49863  18.259266
 109.49864  18.259236
 109.49864  18.259206
 109.49864  18.259176
 109.49865  18.259146
 109.49865  18.259116
 109.49866  18.259086
 109.49866  18.259056
 109.49866  18.259026
 109.49867  18.258996
 109.49867  18.258966
 109.49868  18.258936
 109.49868  18.258906
 109.49868  18.258876
 109.49869  18.258846
 109.49869  18.258816
 109.49870  18.258786
 109.49870  18.258756
 109.49870  18.258726
 109.49871  18.258696
 109.49871  18.258666
 109.49872  18.258636
 109.49872  18.258606
 109.49872  18.258576
 109.49873  18.258546
 109.49873  18.258516
 109.49874  18.258486
 109.49874  18.258456
 109.49874  18.258426
 109.49875  18.258396
 109.49875  18.258366
