 109.50349  18.253284
 109.50351  18.253287
 109.50353  18.253290
 109.50355  18.253293
 109.50357  18.253296
 109.50359  18.253299
 109.50361  18.253302
 109.50363  18.253305
 109.50365  18.253308
 109.50367  18.253311
 109.50368  18.253314
 109.50370  18.253317
 109.50372  18.253320
 109.50374  18.253323
 109.50376  18.253326
 109.50378  18.253329
 109.50380  18.253332
 109.50382  18.253335
 109.50384  18.253338
 109.50386  18.253341
 109.50387  18.253344
 109.50389  18.253347
 109.50391  18.253350
 109.50393  18.253353
 109.50395  18.253356
 109.50397  18.253359
 109.50399  18.253362
 109.50401  18.253365
 109.50403  18.253368
 109.50405  18.253371
 109.50406  18.253374
 109.50408  18.253377
 109.50410  18.253380
 109.50412  18.253383
 109.50414  18.253386
 109.50416  18.253389
 109.50418  18.253392
 109.50420  18.253395
 109.50422  18.253398
 109.50423  18.253401
 109.50425  18.253404
 109.50427  18.253407
 109.50429  18.253410
 109.50431  18.253413
 109.50433  18.253416
 109.50435  18.253419
 109.50437  18.253422
 109.50439  18.253425
 109.50441  18.253428
 109.50443  18.253431
 109.50444  18.253434
 109.50446  18.253437
 109.50448  18.253440
 109.50450  18.253443
 109.50452  18.253446
 109.50454  18.253449
 109.50456  18.253452
 109.50458  18.253455
 109.50460  18.253458
 109.50462  18.253461
 109.50463  18.253464
 109.50465  18.253467
 109.50467  18.253470
 109.50469  18.253473
 109.50471  18.253476
 109.50473  18.253479
 109.50475  18.253482
 109.50477  18.253485
 109.50479  18.253488
 109.50481  18.253491
 109.50482  18.253494
 109.50484  18.253497
 109.50486  18.253500
 109.50488  18.253503
 109.50490  18.253506
 109.50492  18.253509
 109.50494  18.253512
 109.50496  18.253515
 109.50498  18.253518
 109.50499  18.253521
 109.50501  18.253524
 109.50503  18.253527
 109.50505  18.253530
 109.50507  18.253533
 109.50509  18.253536
 109.50511  18.253539
 109.50513  18.253542
 109.50515  18.253545
 109.50517  18.253548
 109.50519  18.253551
 109.50520  18.253554
 109.50522  18.253557
 109.50524  18.253560
 109.50526  18.253563
 109.50528  18.253566
 109.50530  18.253569
 109.50532  18.253572
 109.50534  18.253575
 109.50536  18.253578
 109.50537  18.253581
 109.50539  18.253584
 109.50541  18.253587
 109.50543  18.253590
 109.50545  18.253593
 109.50547  18.253596
 109.50549  18.253599
 109.50551  18.253602
 109.50553  18.253605
 109.50555  18.253608
 109.50556  18.253611
 109.50558  18.253614
 109.50560  18.253617
 109.50562  18.253620
 109.50564  18.253623
 109.50566  18.253626
 109.50568  18.253629
 109.50570  18.253632
 109.50572  18.253635
 109.50574  18.253638
 109.50575  18.253641
