 109.50067  18.251102
 109.50068  18.251060
 109.50069  18.251018
 109.50070  18.250976
 109.50071  18.250934
 109.50072  18.250892
 109.50073  18.250850
 109.50074  18.250808
 109.50075  18.250766
 109.50076  18.250724
 109.50077  18.250682
 109.50078  18.250640
 109.50079  18.250598
 109.50080  18.250556
 109.50081  18.250514
 109.50082  18.250472
 109.50083  18.250430
 109.50084  18.250388
 109.50085  18.250346
 109.50086  18.250304
 109.50087  18.250262
 109.50088  18.250220
 109.50089  18.250178
 109.50090  18.250136
 109.50091  18.250094
 109.50092  18.250052
 109.50093  18.250010
 109.50094  18.249968
 109.50095  18.249926
 109.50096  18.249884
 109.50097  18.249842
 109.50098  18.249800
 109.50099  18.249758
 109.50100  18.249716
 109.50101  18.249674
 109.50102  18.249632
 109.50103  18.249590
 109.50104  18.249548
 109.50105  18.249506
 109.50106  18.249464
 109.50107  18.249422
 109.50108  18.249380
 109.50109  18.249338
 109.50110  18.249296
 109.50111  18.249254
 109.50112  18.249212
 109.50113  18.249170
 109.50114  18.249128
 109.50115  18.249086
 109.50116  18.249044
 109.50117  18.249002
 109.50118  18.248960
 109.50119  18.248918
 109.50120  18.248876
 109.50121  18.248834
 109.50122  18.248792
 109.50123  18.248750
 109.50124  18.248708
 109.50125  18.248666
 109.50126  18.248624
 109.50127  18.248582
 109.50128  18.248540
 109.50129  18.248498
 109.50130  18.248456
 109.50131  18.248414
 109.50132  18.248372
 109.50133  18.248330
 109.50134  18.248288
 109.50135  18.248246
 109.50136  18.248204
 109.50137  18.248162
 109.50138  18.248120
 109.50139  18.248078
 109.50140  18.248036
 109.50141  18.247994
 109.50142  18.247952
 109.50143  18.247910
 109.50144  18.247868
 109.50145  18.247826
 109.50146  18.247784
 109.50147  18.247742
 109.50148  18.247700
 109.50149  18.247658
 109.50150  18.247616
 109.50151  18.247574
 109.50152  18.247532
 109.50153  18.247490
 109.50154  18.247448
 109.50155  18.247406
 109.50156  18.247364
 109.50157  18.247322
 109.50158  18.247280
 109.50159  18.247238
 109.50160  18.247196
 109.50161  18.247154
 109.50162  18.247112
 109.50163  18.247070
 109.50164  18.247028
 109.50165  18.246986
 109.50166  18.246944
 109.50167  18.246902
 109.50168  18.246860
 109.50169  18.246818
 109.50170  18.246776
 109.50171  18.246734
 109.50172  18.246692
 109.50173  18.246650
 109.50174  18.246608
 109.50175  18.246566
 109.50176  18.246524
 109.50177  18.246482
 109.50178  18.246440
 109.50179  18.246398
 109.50180  18.246356
 109.50181  18.246314
 109.50182  18.246272
 109.50183  18.246230
 109.50184  18.246188
 109.50185  18.246146
 109.50186  18.246104
