 109.49809  18.261450
 109.49812  18.241628
 109.49814  18.221806
 109.49817  18.201984
 109.49820  18.182162
 109.49823  18.162340
 109.49825  18.142518
 109.49828  18.122696
 109.49831  18.102874
 109.49833  18.083052
 109.49836  18.063230
 109.49839  18.043408
 109.49841  18.023586
 109.49844  18.003764
 109.49847  17.983942
 109.49850  17.964120
 109.49852  17.944298
 109.49855  17.924476
 109.49858  17.904654
 109.49860  17.884832
 109.49863  17.865010
 109.49866  17.845188
 109.49868  17.825366
 109.49871  17.805544
 109.49874  17.785722
 109.49877  17.765900
 109.49879  17.746078
 109.49882  17.726256
 109.49885  17.706434
 109.49887  17.686612
 109.49890  17.666790
 109.49893  17.646968
 109.49895  17.627146
 109.49898  17.607324
 109.49901  17.587502
 109.49904  17.567680
 109.49906  17.547858
 109.49909  17.528036
 109.49912  17.508214
 109.49914  17.488392
 109.49917  17.468570
 109.49920  17.448748
 109.49922  17.428926
 109.49925  17.409104
 109.49928  17.389282
 109.49930  17.369460
 109.49933  17.349638
 109.49936  17.329816
 109.49939  17.309994
 109.49941  17.290172
 109.49944  17.270350
 109.49947  17.250528
 109.49949  17.230706
 109.49952  17.210884
 109.49955  17.191062
 109.49957  17.171240
 109.49960  17.151418
 109.49963  17.131596
 109.49966  17.111774
 109.49968  17.091952
 109.49971  17.072130
 109.49974  17.052308
 109.49976  17.032486
 109.49979  17.012664
 109.49982  16.992842
 109.49984  16.973020
 109.49987  16.953198
 109.49990  16.933376
 109.49993  16.913554
 109.49995  16.893732
 109.49998  16.873910
 109.50001  16.854088
 109.50003  16.834266
 109.50006  16.814444
 109.50009  16.794622
 109.50011  16.774800
 109.50014  16.754978
 109.50017  16.735156
 109.50020  16.715334
 109.50022  16.695512
 109.50025  16.675690
 109.50028  16.655868
 109.50030  16.636046
 109.50033  16.616224
 109.50036  16.596402
 109.50038  16.576580
 109.50041  16.556758
 109.50044  16.536936
 109.50047  16.517114
 109.50049  16.497292
 109.50052  16.477470
 109.50055  16.457648
 109.50057  16.437826
 109.50060  16.418004
 109.50063  16.398182
 109.50065  16.378360
 109.50068  16.358538
 109.50071  16.338716
 109.50074  16.318894
 109.50076  16.299072
 109.50079  16.279250
 109.50082  16.259428
 109.50084  16.239606
 109.50087  16.219784
 109.50090  16.199962
 109.50092  16.180140
 109.50095  16.160318
 109.50098  16.140496
 109.50101  16.120674
 109.50103  16.100852
 109.50106  16.081030
 109.50109  16.061208
 109.50111  16.041386
 109.50114  16.021564
 109.50117  16.001742
 109.50119  15.981920
 109.50122  15.962098
 109.50125  15.942276
 109.50128  15.922454
 109.50130  15.902632
