 109.50475  18.247896
 109.50475  18.247836
 109.50476  18.247776
 109.50476  18.247716
 109.50477  18.247656
 109.50478  18.247596
 109.50478  18.247536
 109.50479  18.247476
 109.50479  18.247416
 109.50480  18.247356
 109.50481  18.247296
 109.50481  18.247236
 109.50482  18.247176
 109.50482  18.247116
 109.50483  18.247056
 109.50484  18.246996
 109.50484  18.246936
 109.50485  18.246876
 109.50485  18.246816
 109.50486  18.246756
 109.50487  18.246696
 109.50487  18.246636
 109.50488  18.246576
 109.50488  18.246516
 109.50489  18.246456
 109.50490  18.246396
 109.50490  18.246336
 109.50491  18.246276
 109.50491  18.246216
 109.50492  18.246156
 109.50493  18.246096
 109.50493  18.246036
 109.50494  18.245976
 109.50494  18.245916
 109.50495  18.245856
 109.50496  18.245796
 109.50496  18.245736
 109.50497  18.245676
 109.50497  18.245616
 109.50498  18.245556
 109.50499  18.245496
 109.50499  18.245436
 109.50500  18.245376
 109.50500  18.245316
 109.50501  18.245256
 109.50502  18.245196
 109.50502  18.245136
 109.50503  18.245076
 109.50503  18.245016
 109.50504  18.244956
 109.50505  18.244896
 109.50505  18.244836
 109.50506  18.244776
 109.50506  18.244716
 109.50507  18.244656
 109.50508  18.244596
 109.50508  18.244536
 109.50509  18.244476
 109.50509  18.244416
 109.50510  18.244356
 109.50511  18.244296
 109.50511  18.244236
 109.50512  18.244176
 109.50512  18.244116
 109.50513  18.244056
 109.50514  18.243996
 109.50514  18.243936
 109.50515  18.243876
 109.50515  18.243816
 109.50516  18.243756
 109.50517  18.243696
 109.50517  18.243636
 109.50518  18.243576
 109.50518  18.243516
 109.50519  18.243456
 109.50520  18.243396
 109.50520  18.243336
 109.50521  18.243276
 109.50521  18.243216
 109.50522  18.243156
 109.50523  18.243096
 109.50523  18.243036
 109.50524  18.242976
 109.50524  18.242916
 109.50525  18.242856
 109.50526  18.242796
 109.50526  18.242736
 109.50527  18.242676
 109.50527  18.242616
 109.50528  18.242556
 109.50529  18.242496
 109.50529  18.242436
 109.50530  18.242376
 109.50530  18.242316
 109.50531  18.242256
 109.50532  18.242196
 109.50532  18.242136
 109.50533  18.242076
 109.50533  18.242016
 109.50534  18.241956
 109.50535  18.241896
 109.50535  18.241836
 109.50536  18.241776
 109.50536  18.241716
 109.50537  18.241656
 109.50538  18.241596
 109.50538  18.241536
 109.50539  18.241476
 109.50539  18.241416
 109.50540  18.241356
 109.50541  18.241296
 109.50541  18.241236
 109.50542  18.241176
 109.50542  18.241116
 109.50543  18.241056
 109.50544  18.240996
 109.50544  18.240936
 109.50545  18.240876
 109.50545  18.240816
 109.50546  18.240756
