 109.49676  18.254892
 109.49675  18.254931
 109.49674  18.254970
 109.49673  18.255009
 109.49672  18.255048
 109.49671  18.255087
 109.49670  18.255126
 109.49669  18.255165
 109.49668  18.255204
 109.49667  18.255243
 109.49666  18.255282
 109.49665  18.255321
 109.49664  18.255360
 109.49663  18.255399
 109.49662  18.255438
 109.49661  18.255477
 109.49660  18.255516
 109.49659  18.255555
 109.49658  18.255594
 109.49657  18.255633
 109.49656  18.255672
 109.49655  18.255711
 109.49654  18.255750
 109.49653  18.255789
 109.49652  18.255828
 109.49651  18.255867
 109.49650  18.255906
 109.49649  18.255945
 109.49648  18.255984
 109.49647  18.256023
 109.49646  18.256062
 109.49645  18.256101
 109.49644  18.256140
 109.49643  18.256179
 109.49642  18.256218
 109.49641  18.256257
 109.49640  18.256296
 109.49639  18.256335
 109.49638  18.256374
 109.49637  18.256413
 109.49636  18.256452
 109.49635  18.256491
 109.49634  18.256530
 109.49633  18.256569
 109.49632  18.256608
 109.49631  18.256647
 109.49630  18.256686
 109.49629  18.256725
 109.49628  18.256764
 109.49627  18.256803
 109.49626  18.256842
 109.49625  18.256881
 109.49624  18.256920
 109.49623  18.256959
 109.49622  18.256998
 109.49621  18.257037
 109.49620  18.257076
 109.49619  18.257115
 109.49618  18.257154
 109.49617  18.257193
 109.49616  18.257232
 109.49615  18.257271
 109.49614  18.257310
 109.49613  18.257349
 109.49612  18.257388
 109.49611  18.257427
 109.49610  18.257466
 109.49609  18.257505
 109.49608  18.257544
 109.49607  18.257583
 109.49606  18.257622
 109.49605  18.257661
 109.49604  18.257700
 109.49603  18.257739
 109.49602  18.257778
 109.49601  18.257817
 109.49600  18.257856
 109.49599  18.257895
 109.49598  18.257934
 109.49597  18.257973
 109.49596  18.258012
 109.49595  18.258051
 109.49594  18.258090
 109.49593  18.258129
 109.49592  18.258168
 109.49591  18.258207
 109.49590  18.258246
 109.49589  18.258285
 109.49588  18.258324
 109.49587  18.258363
 109.49586  18.258402
 109.49585  18.258441
 109.49584  18.258480
 109.49583  18.258519
 109.49582  18.258558
 109.49581  18.258597
 109.49580  18.258636
 109.49579  18.258675
 109.49578  18.258714
 109.49577  18.258753
 109.49576  18.258792
 109.49575  18.258831
 109.49574  18.258870
 109.49573  18.258909
 109.49572  18.258948
 109.49571  18.258987
 109.49570  18.259026
 109.49569  18.259065
 109.49568  18.259104
 109.49567  18.259143
 109.49566  18.259182
 109.49565  18.259221
 109.49564  18.259260
 109.49563  18.259299
 109.49562  18.259338
 109.49561  18.259377
 109.49560  18.259416
 109.49559  18.259455
 109.49558  18.259494
 109.49557  18.259533
