 109.49899  18.259506
 109.49900  18.259477
 109.49900  18.259448
 109.49901  18.259418
 109.49902  18.259389
 109.49902  18.259360
 109.49903  18.259331
 109.49904  18.259302
 109.49904  18.259273
 109.49905  18.259243
 109.49906  18.259214
 109.49906  18.259185
 109.49907  18.259156
 109.49908  18.259127
 109.49909  18.259097
 109.49909  18.259068
 109.49910  18.259039
 109.49911  18.259010
 109.49911  18.258981
 109.49912  18.258952
 109.49913  18.258922
 109.49913  18.258893
 109.49914  18.258864
 109.49915  18.258835
 109.49915  18.258806
 109.49916  18.258777
 109.49917  18.258747
 109.49917  18.258718
 109.49918  18.258689
 109.49919  18.258660
 109.49919  18.258631
 109.49920  18.258601
 109.49921  18.258572
 109.49921  18.258543
 109.49922  18.258514
 109.49923  18.258485
 109.49923  18.258456
 109.49924  18.258426
 109.49925  18.258397
 109.49926  18.258368
 109.49926  18.258339
 109.49927  18.258310
 109.49928  18.258280
 109.49928  18.258251
 109.49929  18.258222
 109.49930  18.258193
 109.49930  18.258164
 109.49931  18.258135
 109.49932  18.258105
 109.49932  18.258076
 109.49933  18.258047
 109.49934  18.258018
 109.49934  18.257989
 109.49935  18.257959
 109.49936  18.257930
 109.49936  18.257901
 109.49937  18.257872
 109.49938  18.257843
 109.49938  18.257814
 109.49939  18.257784
 109.49940  18.257755
 109.49940  18.257726
 109.49941  18.257697
 109.49942  18.257668
 109.49943  18.257638
 109.49943  18.257609
 109.49944  18.257580
 109.49945  18.257551
 109.49945  18.257522
 109.49946  18.257493
 109.49947  18.257463
 109.49947  18.257434
 109.49948  18.257405
 109.49949  18.257376
 109.49949  18.257347
 109.49950  18.257318
 109.49951  18.257288
 109.49951  18.257259
 109.49952  18.257230
 109.49953  18.257201
 109.49953  18.257172
 109.49954  18.257142
 109.49955  18.257113
 109.49955  18.257084
 109.49956  18.257055
 109.49957  18.257026
 109.49957  18.256997
 109.49958  18.256967
 109.49959  18.256938
 109.49960  18.256909
 109.49960  18.256880
 109.49961  18.256851
 109.49962  18.256821
 109.49962  18.256792
 109.49963  18.256763
 109.49964  18.256734
 109.49964  18.256705
 109.49965  18.256676
 109.49966  18.256646
 109.49966  18.256617
 109.49967  18.256588
 109.49968  18.256559
 109.49968  18.256530
 109.49969  18.256500
 109.49970  18.256471
 109.49970  18.256442
 109.49971  18.256413
 109.49972  18.256384
 109.49972  18.256355
 109.49973  18.256325
 109.49974  18.256296
 109.49974  18.256267
 109.49975  18.256238
 109.49976  18.256209
 109.49977  18.256179
 109.49977  18.256150
 109.49978  18.256121
 109.49979  18.256092
 109.49979  18.256063
 109.49979  18.256063
