 109.49967  18.262060
 109.49965  18.205300
 109.49963  18.148540
 109.49961  18.091780
 109.49959  18.035020
 109.49957  17.978260
 109.49955  17.921500
 109.49953  17.864740
 109.49951  17.807980
 109.49949  17.751220
 109.49947  17.694460
 109.49945  17.637700
 109.49943  17.580940
 109.49941  17.524180
 109.49939  17.467420
 109.49937  17.410660
 109.49935  17.353900
 109.49933  17.297140
 109.49931  17.240380
 109.49929  17.183620
 109.49927  17.126860
 109.49925  17.070100
 109.49923  17.013340
 109.49921  16.956580
 109.49919  16.899820
 109.49917  16.843060
 109.49915  16.786300
 109.49913  16.729540
 109.49911  16.672780
 109.49909  16.616020
 109.49907  16.559260
 109.49905  16.502500
 109.49903  16.445740
 109.49901  16.388980
 109.49899  16.332220
 109.49897  16.275460
 109.49895  16.218700
 109.49893  16.161940
 109.49891  16.105180
 109.49889  16.048420
 109.49887  15.991660
 109.49885  15.934900
 109.49883  15.878140
 109.49881  15.821380
 109.49879  15.764620
 109.49877  15.707860
 109.49875  15.651100
 109.49873  15.594340
 109.49871  15.537580
 109.49869  15.480820
 109.49867  15.424060
 109.49865  15.367300
 109.49863  15.310540
 109.49861  15.253780
 109.49859  15.197020
 109.49857  15.140260
 109.49855  15.083500
 109.49853  15.026740
 109.49851  14.969980
 109.49849  14.913220
 109.49847  14.856460
 109.49845  14.799700
 109.49843  14.742940
 109.49841  14.686180
 109.49839  14.629420
 109.49837  14.572660
 109.49835  14.515900
 109.49833  14.459140
 109.49831  14.402380
 109.49829  14.345620
 109.49827  14.288860
 109.49825  14.232100
 109.49823  14.175340
 109.49821  14.118580
 109.49819  14.061820
 109.49817  14.005060
 109.49815  13.948300
 109.49813  13.891540
 109.49811  13.834780
 109.49809  13.778020
 109.49807  13.721260
 109.49805  13.664500
 109.49803  13.607740
 109.49801  13.550980
 109.49799  13.494220
 109.49797  13.437460
 109.49795  13.380700
 109.49793  13.323940
 109.49791  13.267180
 109.49789  13.210420
 109.49787  13.153660
 109.49785  13.096900
 109.49783  13.040140
 109.49781  12.983380
 109.49779  12.926620
 109.49777  12.869860
 109.49775  12.813100
 109.49773  12.756340
 109.49771  12.699580
 109.49769  12.642820
 109.49767  12.586060
 109.49765  12.529300
 109.49763  12.472540
 109.49761  12.415780
 109.49759  12.359020
 109.49757  12.302260
 109.49755  12.245500
 109.49753  12.188740
 109.49751  12.131980
 109.49749  12.075220
 109.49747  12.018460
 109.49745  11.961700
 109.49743  11.904940
 109.49741  11.848180
 109.49739  11.791420
 109.49737  11.734660
 109.49735  11.677900
 109.49733  11.621140
 109.49731  11.564380
 109.49729  11.507620
