 109.50431  18.251476
 109.50432  18.251427
 109.50433  18.251378
 109.50434  18.251329
 109.50435  18.251280
 109.50436  18.251231
 109.50437  18.251182
 109.50438  18.251133
 109.50439  18.251084
 109.50440  18.251035
 109.50441  18.250986
 109.50442  18.250937
 109.50443  18.250888
 109.50444  18.250839
 109.50445  18.250790
 109.50446  18.250741
 109.50447  18.250692
 109.50448  18.250643
 109.50449  18.250594
 109.50450  18.250545
 109.50451  18.250496
 109.50452  18.250447
 109.50453  18.250398
 109.50454  18.250349
 109.50455  18.250300
 109.50456  18.250251
 109.50457  18.250202
 109.50458  18.250153
 109.50459  18.250104
 109.50460  18.250055
 109.50461  18.250006
 109.50462  18.249957
 109.50463  18.249908
 109.50464  18.249859
 109.50465  18.249810
 109.50466  18.249761
 109.50467  18.249712
 109.50468  18.249663
 109.50469  18.249614
 109.50470  18.249565
 109.50471  18.249516
 109.50472  18.249467
 109.50473  18.249418
 109.50474  18.249369
 109.50475  18.249320
 109.50476  18.249271
 109.50477  18.249222
 109.50478  18.249173
 109.50479  18.249124
 109.50480  18.249075
 109.50481  18.249026
 109.50482  18.248977
 109.50483  18.248928
 109.50484  18.248879
 109.50485  18.248830
 109.50486  18.248781
 109.50487  18.248732
 109.50488  18.248683
 109.50489  18.248634
 109.50490  18.248585
 109.50491  18.248536
 109.50492  18.248487
 109.50493  18.248438
 109.50494  18.248389
 109.50495  18.248340
 109.50496  18.248291
 109.50497  18.248242
 109.50498  18.248193
 109.50499  18.248144
 109.50500  18.248095
 109.50501  18.248046
 109.50502  18.247997
 109.50503  18.247948
 109.50504  18.247899
 109.50505  18.247850
 109.50506  18.247801
 109.50507  18.247752
 109.50508  18.247703
 109.50509  18.247654
 109.50510  18.247605
 109.50511  18.247556
 109.50512  18.247507
 109.50513  18.247458
 109.50514  18.247409
 109.50515  18.247360
 109.50516  18.247311
 109.50517  18.247262
 109.50518  18.247213
 109.50519  18.247164
 109.50520  18.247115
 109.50521  18.247066
 109.50522  18.247017
 109.50523  18.246968
 109.50524  18.246919
 109.50525  18.246870
 109.50526  18.246821
 109.50527  18.246772
 109.50528  18.246723
 109.50529  18.246674
 109.50530  18.246625
 109.50531  18.246576
 109.50532  18.246527
 109.50533  18.246478
 109.50534  18.246429
 109.50535  18.246380
 109.50536  18.246331
 109.50537  18.246282
 109.50538  18.246233
 109.50539  18.246184
 109.50540  18.246135
 109.50541  18.246086
 109.50542  18.246037
 109.50543  18.245988
 109.50544  18.245939
 109.50545  18.245890
 109.50546  18.245841
 109.50547  18.245792
 109.50548  18.245743
 109.50549  18.245694
 109.50550  18.245645
