 109.50505  18.253717
 109.50508  18.253716
 109.50511  18.253715
 109.50514  18.253714
 109.50517  18.253713
 109.50520  18.253712
 109.50523  18.253711
 109.50526  18.253710
 109.50529  18.253709
 109.50532  18.253708
 109.50535  18.253707
 109.50538  18.253706
 109.50541  18.253705
 109.50544  18.253704
 109.50547  18.253703
 109.50550  18.253702
 109.50553  18.253701
 109.50556  18.253700
 109.50559  18.253699
 109.50562  18.253698
 109.50565  18.253697
 109.50568  18.253696
 109.50571  18.253695
 109.50574  18.253694
 109.50577  18.253693
 109.50580  18.253692
 109.50583  18.253691
 109.50586  18.253690
 109.50589  18.253689
 109.50592  18.253688
 109.50595  18.253687
 109.50598  18.253686
 109.50601  18.253685
 109.50604  18.253684
 109.50607  18.253683
 109.50610  18.253682
 109.50613  18.253681
 109.50616  18.253680
 109.50619  18.253679
 109.50622  18.253678
 109.50625  18.253677
 109.50628  18.253676
 109.50631  18.253675
 109.50634  18.253674
 109.50637  18.253673
 109.50640  18.253672
 109.50643  18.253671
 109.50646  18.253670
 109.50649  18.253669
 109.50652  18.253668
 109.50655  18.253667
 109.50658  18.253666
 109.50661  18.253665
 109.50664  18.253664
 109.50667  18.253663
 109.50670  18.253662
 109.50673  18.253661
 109.50676  18.253660
 109.50679  18.253659
 109.50682  18.253658
 109.50685  18.253657
 109.50688  18.253656
 109.50691  18.253655
 109.50694  18.253654
 109.50697  18.253653
 109.50700  18.253652
 109.50703  18.253651
 109.50706  18.253650
 109.50709  18.253649
 109.50712  18.253648
 109.50715  18.253647
 109.50718  18.253646
 109.50721  18.253645
 109.50724  18.253644
 109.50727  18.253643
 109.50730  18.253642
 109.50733  18.253641
 109.50736  18.253640
 109.50739  18.253639
 109.50742  18.253638
 109.50745  18.253637
 109.50748  18.253636
 109.50751  18.253635
 109.50754  18.253634
 109.50757  18.253633
 109.50760  18.253632
 109.50763  18.253631
 109.50766  18.253630
 109.50769  18.253629
 109.50772  18.253628
 109.50775  18.253627
 109.50778  18.253626
 109.50781  18.253625
 109.50784  18.253624
 109.50787  18.253623
 109.50790  18.253622
 109.50793  18.253621
 109.50796  18.253620
 109.50799  18.253619
 109.50802  18.253618
 109.50805  18.253617
 109.50808  18.253616
 109.50811  18.253615
 109.50814  18.253614
 109.50817  18.253613
 109.50820  18.253612
 109.50823  18.253611
 109.50826  18.253610
 109.50829  18.253609
 109.50832  18.253608
 109.50835  18.253607
 109.50838  18.253606
 109.50841  18.253605
 109.50844  18.253604
 109.50847  18.253603
 109.50850  18.253602
 109.50853  18.253601
 109.50856  18.253600
 109.50859  18.253599
 109.50862  18.253598
