 109.49407  18.258923
 109.49408  18.258890
 109.49409  18.258857
 109.49410  18.258824
 109.49411  18.258791
 109.49412  18.258758
 109.49413  18.258725
 109.49414  18.258692
 109.49415  18.258659
 109.49416  18.258626
 109.49417  18.258593
 109.49418  18.258560
 109.49419  18.258527
 109.49420  18.258494
 109.49421  18.258461
 109.49422  18.258428
 109.49423  18.258395
 109.49424  18.258362
 109.49425  18.258329
 109.49426  18.258296
 109.49427  18.258263
 109.49428  18.258230
 109.49429  18.258197
 109.49430  18.258164
 109.49431  18.258131
 109.49432  18.258098
 109.49433  18.258065
 109.49434  18.258032
 109.49435  18.257999
 109.49436  18.257966
 109.49437  18.257933
 109.49438  18.257900
 109.49439  18.257867
 109.49440  18.257834
 109.49441  18.257801
 109.49442  18.257768
 109.49443  18.257735
 109.49444  18.257702
 109.49445  18.257669
 109.49446  18.257636
 109.49447  18.257603
 109.49448  18.257570
 109.49449  18.257537
 109.49450  18.257504
 109.49451  18.257471
 109.49452  18.257438
 109.49453  18.257405
 109.49454  18.257372
 109.49455  18.257339
 109.49456  18.257306
 109.49457  18.257273
 109.49458  18.257240
 109.49459  18.257207
 109.49460  18.257174
 109.49461  18.257141
 109.49462  18.257108
 109.49463  18.257075
 109.49464  18.257042
 109.49465  18.257009
 109.49466  18.256976
 109.49467  18.256943
 109.49468  18.256910
 109.49469  18.256877
 109.49470  18.256844
 109.49471  18.256811
 109.49472  18.256778
 109.49473  18.256745
 109.49474  18.256712
 109.49475  18.256679
 109.49476  18.256646
 109.49477  18.256613
 109.49478  18.256580
 109.49479  18.256547
 109.49480  18.256514
 109.49481  18.256481
 109.49482  18.256448
 109.49483  18.256415
 109.49484  18.256382
 109.49485  18.256349
 109.49486  18.256316
 109.49487  18.256283
 109.49488  18.256250
 109.49489  18.256217
 109.49490  18.256184
 109.49491  18.256151
 109.49492  18.256118
 109.49493  18.256085
 109.49494  18.256052
 109.49495  18.256019
 109.49496  18.255986
 109.49497  18.255953
 109.49498  18.255920
 109.49499  18.255887
 109.49500  18.255854
 109.49501  18.255821
 109.49502  18.255788
 109.49503  18.255755
 109.49504  18.255722
 109.49505  18.255689
 109.49506  18.255656
 109.49507  18.255623
 109.49508  18.255590
 109.49509  18.255557
 109.49510  18.255524
 109.49511  18.255491
 109.49512  18.255458
 109.49513  18.255425
 109.49514  18.255392
 109.49515  18.255359
 109.49516  18.255326
 109.49517  18.255293
 109.49518  18.255260
 109.49519  18.255227
 109.49520  18.255194
 109.49521  18.255161
 109.49522  18.255128
 109.49523  18.255095
 109.49524  18.255062
 109.49525  18.255029
 109.49526  18.254996
