 109.49504  18.261670
 109.49507  18.261660
 109.49510  18.261650
 109.49513  18.261640
 109.49516  18.261630
 109.49519  18.261620
 109.49522  18.261610
 109.49525  18.261600
 109.49528  18.261590
 109.49531  18.261580
 109.49534  18.261570
 109.49537  18.261560
 109.49540  18.261550
 109.49543  18.261540
 109.49546  18.261530
 109.49549  18.261520
 109.49552  18.261510
 109.49555  18.261500
 109.49558  18.261490
 109.49561  18.261480
 109.49564  18.261470
 109.49567  18.261460
 109.49570  18.261450
 109.49573  18.261440
 109.49576  18.261430
 109.49579  18.261420
 109.49582  18.261410
 109.49585  18.261400
 109.49588  18.261390
 109.49591  18.261380
 109.49594  18.261370
 109.49597  18.261360
 109.49600  18.261350
 109.49603  18.261340
 109.49606  18.261330
 109.49609  18.261320
 109.49612  18.261310
 109.49615  18.261300
 109.49618  18.261290
 109.49621  18.261280
 109.49624  18.261270
 109.49627  18.261260
 109.49630  18.261250
 109.49633  18.261240
 109.49636  18.261230
 109.49639  18.261220
 109.49642  18.261210
 109.49645  18.261200
 109.49648  18.261190
 109.49651  18.261180
 109.49654  18.261170
 109.49657  18.261160
 109.49660  18.261150
 109.49663  18.261140
 109.49666  18.261130
 109.49669  18.261120
 109.49672  18.261110
 109.49675  18.261100
 109.49678  18.261090
 109.49681  18.261080
 109.49684  18.261070
 109.49687  18.261060
 109.49690  18.261050
 109.49693  18.261040
 109.49696  18.261030
 109.49699  18.261020
 109.49702  18.261010
 109.49705  18.261000
 109.49708  18.260990
 109.49711  18.260980
 109.49714  18.260970
 109.49717  18.260960
 109.49720  18.260950
 109.49723  18.260940
 109.49726  18.260930
 109.49729  18.260920
 109.49732  18.260910
 109.49735  18.260900
 109.49738  18.260890
 109.49741  18.260880
 109.49744  18.260870
 109.49747  18.260860
 109.49750  18.260850
 109.49753  18.260840
 109.49756  18.260830
 109.49759  18.260820
 109.49762  18.260810
 109.49765  18.260800
 109.49768  18.260790
 109.49771  18.260780
 109.49774  18.260770
 109.49777  18.260760
 109.49780  18.260750
 109.49783  18.260740
 109.49786  18.260730
 109.49789  18.260720
 109.49792  18.260710
 109.49795  18.260700
 109.49798  18.260690
 109.49801  18.260680
 109.49804  18.260670
 109.49807  18.260660
 109.49810  18.260650
 109.49813  18.260640
 109.49816  18.260630
 109.49819  18.260620
 109.49822  18.260610
 109.49825  18.260600
 109.49828  18.260590
 109.49831  18.260580
 109.49834  18.260570
 109.49837  18.260560
 109.49840  18.260550
 109.49843  18.260540
 109.49846  18.260530
 109.49849  18.260520
 109.49852  18.260510
 109.49855  18.260500
 109.49858  18.260490
 109.49861  18.260480
