 109.50058  18.241535
 109.50063  18.241361
 109.50068  18.241187
 109.50073  18.241013
 109.50078  18.240839
 109.50083  18.240665
 109.50088  18.240492
 109.50093  18.240318
 109.50098  18.240144
 109.50103  18.239970
 109.50108  18.239796
 109.50113  18.239622
 109.50118  18.239448
 109.50123  18.239274
 109.50128  18.239100
 109.50133  18.238927
 109.50138  18.238753
 109.50143  18.238579
 109.50148  18.238405
 109.50153  18.238231
 109.50158  18.238057
 109.50163  18.237883
 109.50168  18.237709
 109.50173  18.237535
 109.50178  18.237361
 109.50183  18.237188
 109.50188  18.237014
 109.50193  18.236840
 109.50198  18.236666
 109.50203  18.236492
 109.50208  18.236318
 109.50213  18.236144
 109.50218  18.235970
 109.50223  18.235796
 109.50228  18.235622
 109.50233  18.235449
 109.50238  18.235275
 109.50243  18.235101
 109.50248  18.234927
 109.50253  18.234753
 109.50258  18.234579
 109.50263  18.234405
 109.50268  18.234231
 109.50273  18.234057
 109.50278  18.233883
 109.50283  18.233710
 109.50288  18.233536
 109.50293  18.233362
 109.50298  18.233188
 109.50303  18.233014
 109.50308  18.232840
 109.50313  18.232666
 109.50318  18.232492
 109.50323  18.232318
 109.50328  18.232144
 109.50333  18.231970
 109.50338  18.231797
 109.50343  18.231623
 109.50348  18.231449
 109.50353  18.231275
 109.50358  18.231101
 109.50363  18.230927
 109.50368  18.230753
 109.50373  18.230579
 109.50378  18.230405
 109.50383  18.230231
 109.50388  18.230058
 109.50393  18.229884
 109.50398  18.229710
 109.50403  18.229536
 109.50408  18.229362
 109.50413  18.229188
 109.50418  18.229014
 109.50423  18.228840
 109.50428  18.228666
 109.50433  18.228493
 109.50438  18.228319
 109.50443  18.228145
 109.50448  18.227971
 109.50453  18.227797
 109.50458  18.227623
 109.50463  18.227449
 109.50468  18.227275
 109.50473  18.227101
 109.50478  18.226927
 109.50483  18.226754
 109.50488  18.226580
 109.50493  18.226406
 109.50498  18.226232
 109.50503  18.226058
 109.50508  18.225884
 109.50513  18.225710
 109.50518  18.225536
 109.50523  18.225362
 109.50528  18.225188
 109.50533  18.225015
 109.50538  18.224841
 109.50543  18.224667
 109.50548  18.224493
 109.50553  18.224319
 109.50558  18.224145
 109.50563  18.223971
 109.50568  18.223797
 109.50573  18.223623
 109.50578  18.223449
 109.50583  18.223276
 109.50588  18.223102
 109.50593  18.222928
 109.50598  18.222754
 109.50603  18.222580
 109.50608  18.222406
 109.50613  18.222232
 109.50618  18.222058
 109.50623  18.221884
 109.50628  18.221710
 109.50633  18.221536
 109.50638  18.221363
 109.50643  18.221189
 109.50648  18.221015
 109.50653  18.220841
