 109.49854  18.261526
 109.49854  18.261480
 109.49855  18.261434
 109.49856  18.261388
 109.49857  18.261342
 109.49858  18.261296
 109.49859  18.261250
 109.49860  18.261204
 109.49861  18.261158
 109.49862  18.261112
 109.49863  18.261066
 109.49863  18.261020
 109.49864  18.260974
 109.49865  18.260928
 109.49866  18.260882
 109.49867  18.260836
 109.49868  18.260790
 109.49869  18.260744
 109.49870  18.260698
 109.49871  18.260652
 109.49872  18.260606
 109.49872  18.260560
 109.49873  18.260514
 109.49874  18.260468
 109.49875  18.260422
 109.49876  18.260376
 109.49877  18.260330
 109.49878  18.260284
 109.49879  18.260238
 109.49880  18.260192
 109.49881  18.260146
 109.49881  18.260100
 109.49882  18.260054
 109.49883  18.260008
 109.49884  18.259962
 109.49885  18.259916
 109.49886  18.259870
 109.49887  18.259824
 109.49888  18.259778
 109.49889  18.259732
 109.49890  18.259686
 109.49890  18.259640
 109.49891  18.259594
 109.49892  18.259548
 109.49893  18.259502
 109.49894  18.259456
 109.49895  18.259410
 109.49896  18.259364
 109.49897  18.259318
 109.49898  18.259272
 109.49899  18.259226
 109.49899  18.259180
 109.49900  18.259134
 109.49901  18.259088
 109.49902  18.259042
 109.49903  18.258996
 109.49904  18.258950
 109.49905  18.258904
 109.49906  18.258858
 109.49907  18.258812
 109.49907  18.258766
 109.49908  18.258720
 109.49909  18.258674
 109.49910  18.258628
 109.49911  18.258582
 109.49912  18.258536
 109.49913  18.258490
 109.49914  18.258444
 109.49915  18.258398
 109.49916  18.258352
 109.49916  18.258306
 109.49917  18.258260
 109.49918  18.258214
 109.49919  18.258168
 109.49920  18.258122
 109.49921  18.258076
 109.49922  18.258030
 109.49923  18.257984
 109.49924  18.257938
 109.49925  18.257892
 109.49925  18.257846
 109.49926  18.257800
 109.49927  18.257754
 109.49928  18.257708
 109.49929  18.257662
 109.49930  18.257616
 109.49931  18.257570
 109.49932  18.257524
 109.49933  18.257478
 109.49934  18.257432
 109.49934  18.257386
 109.49935  18.257340
 109.49936  18.257294
 109.49937  18.257248
 109.49938  18.257202
 109.49939  18.257156
 109.49940  18.257110
 109.49941  18.257064
 109.49942  18.257018
 109.49943  18.256972
 109.49943  18.256926
 109.49944  18.256880
 109.49945  18.256834
 109.49946  18.256788
 109.49947  18.256742
 109.49948  18.256696
 109.49949  18.256650
 109.49950  18.256604
 109.49951  18.256558
 109.49952  18.256512
 109.49952  18.256466
 109.49953  18.256420
 109.49954  18.256374
 109.49955  18.256328
 109.49956  18.256282
 109.49957  18.256236
 109.49958  18.256190
 109.49959  18.256144
 109.49960  18.256098
 109.49961  18.256052
