 109.50556  18.253760
 109.50555  18.253758
 109.50554  18.253756
 109.50553  18.253754
 109.50552  18.253752
 109.50551  18.253750
 109.50550  18.253748
 109.50549  18.253746
 109.50548  18.253744
 109.50547  18.253742
 109.50546  18.253740
 109.50545  18.253738
 109.50544  18.253736
 109.50543  18.253734
 109.50542  18.253732
 109.50541  18.253730
 109.50540  18.253728
 109.50539  18.253726
 109.50538  18.253724
 109.50537  18.253722
 109.50536  18.253720
 109.50535  18.253718
 109.50534  18.253716
 109.50533  18.253714
 109.50532  18.253712
 109.50531  18.253710
 109.50530  18.253708
 109.50529  18.253706
 109.50528  18.253704
 109.50527  18.253702
 109.50526  18.253700
 109.50525  18.253698
 109.50524  18.253696
 109.50523  18.253694
 109.50522  18.253692
 109.50521  18.253690
 109.50520  18.253688
 109.50519  18.253686
 109.50518  18.253684
 109.50517  18.253682
 109.50516  18.253680
 109.50515  18.253678
 109.50514  18.253676
 109.50513  18.253674
 109.50512  18.253672
 109.50511  18.253670
 109.50510  18.253668
 109.50509  18.253666
 109.50508  18.253664
 109.50507  18.253662
 109.50506  18.253660
 109.50505  18.253658
 109.50504  18.253656
 109.50503  18.253654
 109.50502  18.253652
 109.50501  18.253650
 109.50500  18.253648
 109.50499  18.253646
 109.50498  18.253644
 109.50497  18.253642
 109.50496  18.253640
 109.50495  18.253638
 109.50494  18.253636
 109.50493  18.253634
 109.50492  18.253632
 109.50491  18.253630
 109.50490  18.253628
 109.50489  18.253626
 109.50488  18.253624
 109.50487  18.253622
 109.50486  18.253620
 109.50485  18.253618
 109.50484  18.253616
 109.50483  18.253614
 109.50482  18.253612
 109.50481  18.253610
 109.50480  18.253608
 109.50479  18.253606
 109.50478  18.253604
 109.50477  18.253602
 109.50476  18.253600
 109.50475  18.253598
 109.50474  18.253596
 109.50473  18.253594
 109.50472  18.253592
 109.50471  18.253590
 109.50470  18.253588
 109.50469  18.253586
 109.50468  18.253584
 109.50467  18.253582
 109.50466  18.253580
 109.50465  18.253578
 109.50464  18.253576
 109.50463  18.253574
 109.50462  18.253572
 109.50461  18.253570
 109.50460  18.253568
 109.50459  18.253566
 109.50458  18.253564
 109.50457  18.253562
 109.50456  18.253560
 109.50455  18.253558
 109.50454  18.253556
 109.50453  18.253554
 109.50452  18.253552
 109.50451  18.253550
 109.50450  18.253548
 109.50449  18.253546
 109.50448  18.253544
 109.50447  18.253542
 109.50446  18.253540
 109.50445  18.253538
 109.50444  18.253536
 109.50443  18.253534
 109.50442  18.253532
 109.50441  18.253530
 109.50440  18.253528
 109.50439  18.253526
 109.50438  18.253524
 109.50437  18.253522
