 109.49636  18.251709
 109.49637  18.251675
 109.49638  18.251641
 109.49638  18.251607
 109.49639  18.251573
 109.49640  18.251539
 109.49641  18.251505
 109.49642  18.251471
 109.49642  18.251437
 109.49643  18.251403
 109.49644  18.251369
 109.49645  18.251335
 109.49646  18.251301
 109.49646  18.251267
 109.49647  18.251233
 109.49648  18.251199
 109.49649  18.251165
 109.49650  18.251131
 109.49650  18.251097
 109.49651  18.251063
 109.49652  18.251029
 109.49653  18.250995
 109.49653  18.250961
 109.49654  18.250927
 109.49655  18.250893
 109.49656  18.250859
 109.49657  18.250825
 109.49657  18.250791
 109.49658  18.250757
 109.49659  18.250723
 109.49660  18.250689
 109.49661  18.250655
 109.49661  18.250621
 109.49662  18.250587
 109.49663  18.250553
 109.49664  18.250519
 109.49665  18.250485
 109.49665  18.250451
 109.49666  18.250417
 109.49667  18.250383
 109.49668  18.250349
 109.49669  18.250315
 109.49669  18.250281
 109.49670  18.250247
 109.49671  18.250213
 109.49672  18.250179
 109.49673  18.250145
 109.49673  18.250111
 109.49674  18.250077
 109.49675  18.250043
 109.49676  18.250009
 109.49677  18.249975
 109.49677  18.249941
 109.49678  18.249907
 109.49679  18.249873
 109.49680  18.249839
 109.49681  18.249805
 109.49681  18.249771
 109.49682  18.249737
 109.49683  18.249703
 109.49684  18.249669
 109.49684  18.249635
 109.49685  18.249601
 109.49686  18.249567
 109.49687  18.249533
 109.49688  18.249499
 109.49688  18.249465
 109.49689  18.249431
 109.49690  18.249397
 109.49691  18.249363
 109.49692  18.249329
 109.49692  18.249295
 109.49693  18.249261
 109.49694  18.249227
 109.49695  18.249193
 109.49696  18.249159
 109.49696  18.249125
 109.49697  18.249091
 109.49698  18.249057
 109.49699  18.249023
 109.49700  18.248989
 109.49700  18.248955
 109.49701  18.248921
 109.49702  18.248887
 109.49703  18.248853
 109.49704  18.248819
 109.49704  18.248785
 109.49705  18.248751
 109.49706  18.248717
 109.49707  18.248683
 109.49708  18.248649
 109.49708  18.248615
 109.49709  18.248581
 109.49710  18.248547
 109.49711  18.248513
 109.49712  18.248479
 109.49712  18.248445
 109.49713  18.248411
 109.49714  18.248377
 109.49715  18.248343
 109.49716  18.248309
 109.49716  18.248275
 109.49717  18.248241
 109.49718  18.248207
 109.49719  18.248173
 109.49719  18.248139
 109.49720  18.248105
 109.49721  18.248071
 109.49722  18.248037
 109.49723  18.248003
 109.49723  18.247969
 109.49724  18.247935
 109.49725  18.247901
 109.49726  18.247867
 109.49727  18.247833
 109.49727  18.247799
 109.49728  18.247765
 109.49729  18.247731
 109.49730  18.247697
 109.49731  18.247663
