 109.49755  18.252096
 109.49758  18.252083
 109.49761  18.252070
 109.49763  18.252057
 109.49766  18.252044
 109.49769  18.252031
 109.49772  18.252018
 109.49775  18.252005
 109.49777  18.251992
 109.49780  18.251979
 109.49783  18.251966
 109.49786  18.251953
 109.49789  18.251940
 109.49791  18.251927
 109.49794  18.251914
 109.49797  18.251901
 109.49800  18.251888
 109.49803  18.251875
 109.49805  18.251862
 109.49808  18.251849
 109.49811  18.251836
 109.49814  18.251823
 109.49817  18.251810
 109.49819  18.251797
 109.49822  18.251784
 109.49825  18.251771
 109.49828  18.251758
 109.49831  18.251745
 109.49833  18.251732
 109.49836  18.251719
 109.49839  18.251706
 109.49842  18.251693
 109.49845  18.251680
 109.49847  18.251667
 109.49850  18.251654
 109.49853  18.251641
 109.49856  18.251628
 109.49859  18.251615
 109.49861  18.251602
 109.49864  18.251589
 109.49867  18.251576
 109.49870  18.251563
 109.49873  18.251550
 109.49875  18.251537
 109.49878  18.251524
 109.49881  18.251511
 109.49884  18.251498
 109.49887  18.251485
 109.49889  18.251472
 109.49892  18.251459
 109.49895  18.251446
 109.49898  18.251433
 109.49901  18.251420
 109.49903  18.251407
 109.49906  18.251394
 109.49909  18.251381
 109.49912  18.251368
 109.49915  18.251355
 109.49917  18.251342
 109.49920  18.251329
 109.49923  18.251316
 109.49926  18.251303
 109.49929  18.251290
 109.49931  18.251277
 109.49934  18.251264
 109.49937  18.251251
 109.49940  18.251238
 109.49943  18.251225
 109.49945  18.251212
 109.49948  18.251199
 109.49951  18.251186
 109.49954  18.251173
 109.49957  18.251160
 109.49959  18.251147
 109.49962  18.251134
 109.49965  18.251121
 109.49968  18.251108
 109.49971  18.251095
 109.49973  18.251082
 109.49976  18.251069
 109.49979  18.251056
 109.49982  18.251043
 109.49985  18.251030
 109.49987  18.251017
 109.49990  18.251004
 109.49993  18.250991
 109.49996  18.250978
 109.49999  18.250965
 109.50001  18.250952
 109.50004  18.250939
 109.50007  18.250926
 109.50010  18.250913
 109.50013  18.250900
 109.50015  18.250887
 109.50018  18.250874
 109.50021  18.250861
 109.50024  18.250848
 109.50027  18.250835
 109.50029  18.250822
 109.50032  18.250809
 109.50035  18.250796
 109.50038  18.250783
 109.50041  18.250770
 109.50043  18.250757
 109.50046  18.250744
 109.50049  18.250731
 109.50052  18.250718
 109.50055  18.250705
 109.50057  18.250692
 109.50060  18.250679
 109.50063  18.250666
 109.50066  18.250653
 109.50069  18.250640
 109.50071  18.250627
 109.50074  18.250614
 109.50077  18.250601
 109.50080  18.250588
 109.50083  18.250575
 109.50085  18.250562
 109.50088  18.250549
