 109.49928  18.246754
 109.49926  18.246814
 109.49925  18.246874
 109.49923  18.246934
 109.49922  18.246994
 109.49920  18.247054
 109.49919  18.247114
 109.49917  18.247174
 109.49916  18.247234
 109.49914  18.247294
 109.49913  18.247354
 109.49911  18.247414
 109.49910  18.247474
 109.49908  18.247534
 109.49907  18.247594
 109.49905  18.247654
 109.49904  18.247714
 109.49902  18.247774
 109.49901  18.247834
 109.49899  18.247894
 109.49898  18.247954
 109.49896  18.248014
 109.49895  18.248074
 109.49893  18.248134
 109.49892  18.248194
 109.49890  18.248254
 109.49889  18.248314
 109.49887  18.248374
 109.49886  18.248434
 109.49884  18.248494
 109.49883  18.248554
 109.49881  18.248614
 109.49880  18.248674
 109.49878  18.248734
 109.49877  18.248794
 109.49875  18.248854
 109.49874  18.248914
 109.49872  18.248974
 109.49871  18.249034
 109.49869  18.249094
 109.49868  18.249154
 109.49866  18.249214
 109.49865  18.249274
 109.49863  18.249334
 109.49862  18.249394
 109.49860  18.249454
 109.49859  18.249514
 109.49857  18.249574
 109.49856  18.249634
 109.49854  18.249694
 109.49853  18.249754
 109.49851  18.249814
 109.49850  18.249874
 109.49848  18.249934
 109.49847  18.249994
 109.49845  18.250054
 109.49844  18.250114
 109.49842  18.250174
 109.49841  18.250234
 109.49839  18.250294
 109.49838  18.250354
 109.49836  18.250414
 109.49835  18.250474
 109.49833  18.250534
 109.49832  18.250594
 109.49830  18.250654
 109.49829  18.250714
 109.49827  18.250774
 109.49826  18.250834
 109.49824  18.250894
 109.49823  18.250954
 109.49821  18.251014
 109.49820  18.251074
 109.49818  18.251134
 109.49817  18.251194
 109.49815  18.251254
 109.49814  18.251314
 109.49812  18.251374
 109.49811  18.251434
 109.49809  18.251494
 109.49808  18.251554
 109.49806  18.251614
 109.49805  18.251674
 109.49803  18.251734
 109.49802  18.251794
 109.49800  18.251854
 109.49799  18.251914
 109.49797  18.251974
 109.49796  18.252034
 109.49794  18.252094
 109.49793  18.252154
 109.49791  18.252214
 109.49790  18.252274
 109.49788  18.252334
 109.49787  18.252394
 109.49785  18.252454
 109.49784  18.252514
 109.49782  18.252574
 109.49781  18.252634
 109.49779  18.252694
 109.49778  18.252754
 109.49776  18.252814
 109.49775  18.252874
 109.49773  18.252934
 109.49772  18.252994
 109.49770  18.253054
 109.49769  18.253114
 109.49767  18.253174
 109.49766  18.253234
 109.49764  18.253294
 109.49763  18.253354
 109.49761  18.253414
 109.49760  18.253474
 109.49758  18.253534
 109.49757  18.253594
 109.49755  18.253654
 109.49754  18.253714
 109.49752  18.253774
 109.49751  18.253834
 109.49749  18.253894
