 109.50145  18.237970
 109.50146  18.237940
 109.50147  18.237910
 109.50148  18.237880
 109.50149  18.237850
 109.50150  18.237820
 109.50151  18.237790
 109.50152  18.237760
 109.50153  18.237730
 109.50154  18.237700
 109.50155  18.237670
 109.50156  18.237640
 109.50157  18.237610
 109.50158  18.237580
 109.50159  18.237550
 109.50160  18.237520
 109.50161  18.237490
 109.50162  18.237460
 109.50163  18.237430
 109.50164  18.237400
 109.50165  18.237370
 109.50166  18.237340
 109.50167  18.237310
 109.50168  18.237280
 109.50169  18.237250
 109.50170  18.237220
 109.50171  18.237190
 109.50172  18.237160
 109.50173  18.237130
 109.50174  18.237100
 109.50175  18.237070
 109.50176  18.237040
 109.50177  18.237010
 109.50178  18.236980
 109.50179  18.236950
 109.50180  18.236920
 109.50181  18.236890
 109.50182  18.236860
 109.50183  18.236830
 109.50184  18.236800
 109.50185  18.236770
 109.50186  18.236740
 109.50187  18.236710
 109.50188  18.236680
 109.50189  18.236650
 109.50190  18.236620
 109.50191  18.236590
 109.50192  18.236560
 109.50193  18.236530
 109.50194  18.236500
 109.50195  18.236470
 109.50196  18.236440
 109.50197  18.236410
 109.50198  18.236380
 109.50199  18.236350
 109.50200  18.236320
 109.50201  18.236290
 109.50202  18.236260
 109.50203  18.236230
 109.50204  18.236200
 109.50205  18.236170
 109.50206  18.236140
 109.50207  18.236110
 109.50208  18.236080
 109.50209  18.236050
 109.50210  18.236020
 109.50211  18.235990
 109.50212  18.235960
 109.50213  18.235930
 109.50214  18.235900
 109.50215  18.235870
 109.50216  18.235840
 109.50217  18.235810
 109.50218  18.235780
 109.50219  18.235750
 109.50220  18.235720
 109.50221  18.235690
 109.50222  18.235660
 109.50223  18.235630
 109.50224  18.235600
 109.50225  18.235570
 109.50226  18.235540
 109.50227  18.235510
 109.50228  18.235480
 109.50229  18.235450
 109.50230  18.235420
 109.50231  18.235390
 109.50232  18.235360
 109.50233  18.235330
 109.50234  18.235300
 109.50235  18.235270
 109.50236  18.235240
 109.50237  18.235210
 109.50238  18.235180
 109.50239  18.235150
 109.50240  18.235120
 109.50241  18.235090
 109.50242  18.235060
 109.50243  18.235030
 109.50244  18.235000
 109.50245  18.234970
 109.50246  18.234940
 109.50247  18.234910
 109.50248  18.234880
 109.50249  18.234850
 109.50250  18.234820
 109.50251  18.234790
 109.50252  18.234760
 109.50253  18.234730
 109.50254  18.234700
 109.50255  18.234670
 109.50256  18.234640
 109.50257  18.234610
 109.50258  18.234580
 109.50259  18.234550
 109.50260  18.234520
 109.50261  18.234490
 109.50262  18.234460
 109.50263  18.234430
 109.50264  18.234400
