 109.50449  18.254433
 109.50449  18.254370
 109.50449  18.254307
 109.50450  18.254244
 109.50450  18.254181
 109.50450  18.254118
 109.50450  18.254055
 109.50450  18.253992
 109.50451  18.253929
 109.50451  18.253866
 109.50451  18.253803
 109.50451  18.253740
 109.50451  18.253677
 109.50452  18.253614
 109.50452  18.253551
 109.50452  18.253488
 109.50452  18.253425
 109.50452  18.253362
 109.50453  18.253299
 109.50453  18.253236
 109.50453  18.253173
 109.50453  18.253110
 109.50453  18.253047
 109.50454  18.252984
 109.50454  18.252921
 109.50454  18.252858
 109.50454  18.252795
 109.50454  18.252732
 109.50455  18.252669
 109.50455  18.252606
 109.50455  18.252543
 109.50455  18.252480
 109.50455  18.252417
 109.50456  18.252354
 109.50456  18.252291
 109.50456  18.252228
 109.50456  18.252165
 109.50456  18.252102
 109.50457  18.252039
 109.50457  18.251976
 109.50457  18.251913
 109.50457  18.251850
 109.50457  18.251787
 109.50458  18.251724
 109.50458  18.251661
 109.50458  18.251598
 109.50458  18.251535
 109.50458  18.251472
 109.50459  18.251409
 109.50459  18.251346
 109.50459  18.251283
 109.50459  18.251220
 109.50459  18.251157
 109.50460  18.251094
 109.50460  18.251031
 109.50460  18.250968
 109.50460  18.250905
 109.50460  18.250842
 109.50461  18.250779
 109.50461  18.250716
 109.50461  18.250653
 109.50461  18.250590
 109.50461  18.250527
 109.50462  18.250464
 109.50462  18.250401
 109.50462  18.250338
 109.50462  18.250275
 109.50462  18.250212
 109.50463  18.250149
 109.50463  18.250086
 109.50463  18.250023
 109.50463  18.249960
 109.50463  18.249897
 109.50464  18.249834
 109.50464  18.249771
 109.50464  18.249708
 109.50464  18.249645
 109.50464  18.249582
 109.50465  18.249519
 109.50465  18.249456
 109.50465  18.249393
 109.50465  18.249330
 109.50465  18.249267
 109.50466  18.249204
 109.50466  18.249141
 109.50466  18.249078
 109.50466  18.249015
 109.50466  18.248952
 109.50467  18.248889
 109.50467  18.248826
 109.50467  18.248763
 109.50467  18.248700
 109.50467  18.248637
 109.50468  18.248574
 109.50468  18.248511
 109.50468  18.248448
 109.50468  18.248385
 109.50468  18.248322
 109.50469  18.248259
 109.50469  18.248196
 109.50469  18.248133
 109.50469  18.248070
 109.50469  18.248007
 109.50470  18.247944
 109.50470  18.247881
 109.50470  18.247818
 109.50470  18.247755
 109.50470  18.247692
 109.50471  18.247629
 109.50471  18.247566
 109.50471  18.247503
 109.50471  18.247440
 109.50471  18.247377
 109.50472  18.247314
 109.50472  18.247251
 109.50472  18.247188
 109.50472  18.247125
 109.50472  18.247062
 109.50473  18.246999
 109.50473  18.246936
