 109.49966  18.244905
 109.49967  18.244906
 109.49968  18.244907
 109.49968  18.244907
 109.49969  18.244908
 109.49970  18.244909
 109.49971  18.244910
 109.49972  18.244911
 109.49972  18.244911
 109.49973  18.244912
 109.49974  18.244913
 109.49975  18.244914
 109.49976  18.244915
 109.49976  18.244915
 109.49977  18.244916
 109.49978  18.244917
 109.49979  18.244918
 109.49980  18.244919
 109.49980  18.244919
 109.49981  18.244920
 109.49982  18.244921
 109.49983  18.244922
 109.49984  18.244923
 109.49984  18.244923
 109.49985  18.244924
 109.49986  18.244925
 109.49987  18.244926
 109.49988  18.244927
 109.49988  18.244927
 109.49989  18.244928
 109.49990  18.244929
 109.49991  18.244930
 109.49992  18.244931
 109.49992  18.244931
 109.49993  18.244932
 109.49994  18.244933
 109.49995  18.244934
 109.49996  18.244935
 109.49996  18.244935
 109.49997  18.244936
 109.49998  18.244937
 109.49999  18.244938
 109.50000  18.244939
 109.50000  18.244939
 109.50001  18.244940
 109.50002  18.244941
 109.50003  18.244942
 109.50004  18.244943
 109.50004  18.244943
 109.50005  18.244944
 109.50006  18.244945
 109.50007  18.244946
 109.50008  18.244947
 109.50008  18.244947
 109.50009  18.244948
 109.50010  18.244949
 109.50011  18.244950
 109.50012  18.244951
 109.50012  18.244951
 109.50013  18.244952
 109.50014  18.244953
 109.50015  18.244954
 109.50016  18.244955
 109.50016  18.244955
 109.50017  18.244956
 109.50018  18.244957
 109.50019  18.244958
 109.50020  18.244959
 109.50020  18.244959
 109.50021  18.244960
 109.50022  18.244961
 109.50023  18.244962
 109.50024  18.244963
 109.50024  18.244963
 109.50025  18.244964
 109.50026  18.244965
 109.50027  18.244966
 109.50028  18.244967
 109.50028  18.244967
 109.50029  18.244968
 109.50030  18.244969
 109.50031  18.244970
 109.50032  18.244971
 109.50032  18.244971
 109.50033  18.244972
 109.50034  18.244973
 109.50035  18.244974
 109.50036  18.244975
 109.50036  18.244975
 109.50037  18.244976
 109.50038  18.244977
 109.50039  18.244978
 109.50040  18.244979
 109.50040  18.244979
 109.50041  18.244980
 109.50042  18.244981
 109.50043  18.244982
 109.50044  18.244983
 109.50044  18.244983
 109.50045  18.244984
 109.50046  18.244985
 109.50047  18.244986
 109.50048  18.244987
 109.50048  18.244987
 109.50049  18.244988
 109.50050  18.244989
 109.50051  18.244990
 109.50052  18.244991
 109.50052  18.244991
 109.50053  18.244992
 109.50054  18.244993
 109.50055  18.244994
 109.50056  18.244995
 109.50056  18.244995
 109.50057  18.244996
 109.50058  18.244997
 109.50059  18.244998
 109.50060  18.244999
 109.50060  18.244999
 109.50061  18.245000
