 109.50554  18.240551
 109.50555  18.240351
 109.50556  18.240151
 109.50557  18.239951
 109.50558  18.239751
 109.50559  18.239551
 109.50560  18.239351
 109.50561  18.239151
 109.50562  18.238951
 109.50563  18.238751
 109.50564  18.238551
 109.50565  18.238351
 109.50566  18.238151
 109.50567  18.237951
 109.50568  18.237751
 109.50569  18.237551
 109.50570  18.237351
 109.50571  18.237151
 109.50572  18.236951
 109.50573  18.236751
 109.50574  18.236551
 109.50575  18.236351
 109.50576  18.236151
 109.50577  18.235951
 109.50578  18.235751
 109.50579  18.235551
 109.50580  18.235351
 109.50581  18.235151
 109.50582  18.234951
 109.50583  18.234751
 109.50584  18.234551
 109.50585  18.234351
 109.50586  18.234151
 109.50587  18.233951
 109.50588  18.233751
 109.50589  18.233551
 109.50590  18.233351
 109.50591  18.233151
 109.50592  18.232951
 109.50593  18.232751
 109.50594  18.232551
 109.50595  18.232351
 109.50596  18.232151
 109.50597  18.231951
 109.50598  18.231751
 109.50599  18.231551
 109.50600  18.231351
 109.50601  18.231151
 109.50602  18.230951
 109.50603  18.230751
 109.50604  18.230551
 109.50605  18.230351
 109.50606  18.230151
 109.50607  18.229951
 109.50608  18.229751
 109.50609  18.229551
 109.50610  18.229351
 109.50611  18.229151
 109.50612  18.228951
 109.50613  18.228751
 109.50614  18.228551
 109.50615  18.228351
 109.50616  18.228151
 109.50617  18.227951
 109.50618  18.227751
 109.50619  18.227551
 109.50620  18.227351
 109.50621  18.227151
 109.50622  18.226951
 109.50623  18.226751
 109.50624  18.226551
 109.50625  18.226351
 109.50626  18.226151
 109.50627  18.225951
 109.50628  18.225751
 109.50629  18.225551
 109.50630  18.225351
 109.50631  18.225151
 109.50632  18.224951
 109.50633  18.224751
 109.50634  18.224551
 109.50635  18.224351
 109.50636  18.224151
 109.50637  18.223951
 109.50638  18.223751
 109.50639  18.223551
 109.50640  18.223351
 109.50641  18.223151
 109.50642  18.222951
 109.50643  18.222751
 109.50644  18.222551
 109.50645  18.222351
 109.50646  18.222151
 109.50647  18.221951
 109.50648  18.221751
 109.50649  18.221551
 109.50650  18.221351
 109.50651  18.221151
 109.50652  18.220951
 109.50653  18.220751
 109.50654  18.220551
 109.50655  18.220351
 109.50656  18.220151
 109.50657  18.219951
 109.50658  18.219751
 109.50659  18.219551
 109.50660  18.219351
 109.50661  18.219151
 109.50662  18.218951
 109.50663  18.218751
 109.50664  18.218551
 109.50665  18.218351
 109.50666  18.218151
 109.50667  18.217951
 109.50668  18.217751
 109.50669  18.217551
 109.50670  18.217351
 109.50671  18.217151
 109.50672  18.216951
 109.50673  18.216751
