 109.49841  18.248066
 109.49844  18.248078
 109.49847  18.248090
 109.49850  18.248102
 109.49853  18.248114
 109.49856  18.248126
 109.49859  18.248138
 109.49862  18.248150
 109.49865  18.248162
 109.49868  18.248174
 109.49871  18.248186
 109.49874  18.248198
 109.49877  18.248210
 109.49880  18.248222
 109.49883  18.248234
 109.49886  18.248246
 109.49889  18.248258
 109.49892  18.248270
 109.49895  18.248282
 109.49898  18.248294
 109.49901  18.248306
 109.49904  18.248318
 109.49907  18.248330
 109.49910  18.248342
 109.49913  18.248354
 109.49916  18.248366
 109.49919  18.248378
 109.49922  18.248390
 109.49925  18.248402
 109.49928  18.248414
 109.49931  18.248426
 109.49934  18.248438
 109.49937  18.248450
 109.49940  18.248462
 109.49943  18.248474
 109.49946  18.248486
 109.49949  18.248498
 109.49952  18.248510
 109.49955  18.248522
 109.49957  18.248534
 109.49961  18.248546
 109.49964  18.248558
 109.49966  18.248570
 109.49970  18.248582
 109.49973  18.248594
 109.49975  18.248606
 109.49979  18.248618
 109.49982  18.248630
 109.49984  18.248642
 109.49988  18.248654
 109.49991  18.248666
 109.49993  18.248678
 109.49997  18.248690
 109.50000  18.248702
 109.50002  18.248714
 109.50006  18.248726
 109.50009  18.248738
 109.50011  18.248750
 109.50015  18.248762
 109.50018  18.248774
 109.50020  18.248786
 109.50024  18.248798
 109.50027  18.248810
 109.50029  18.248822
 109.50033  18.248834
 109.50036  18.248846
 109.50038  18.248858
 109.50042  18.248870
 109.50045  18.248882
 109.50047  18.248894
 109.50051  18.248906
 109.50054  18.248918
 109.50056  18.248930
 109.50060  18.248942
 109.50063  18.248954
 109.50065  18.248966
 109.50069  18.248978
 109.50072  18.248990
 109.50074  18.249002
 109.50078  18.249014
 109.50081  18.249026
 109.50084  18.249038
 109.50087  18.249050
 109.50090  18.249062
 109.50093  18.249074
 109.50096  18.249086
 109.50099  18.249098
 109.50102  18.249110
 109.50105  18.249122
 109.50108  18.249134
 109.50111  18.249146
 109.50114  18.249158
 109.50117  18.249170
 109.50120  18.249182
 109.50123  18.249194
 109.50126  18.249206
 109.50129  18.249218
 109.50132  18.249230
 109.50135  18.249242
 109.50138  18.249254
 109.50141  18.249266
 109.50144  18.249278
 109.50147  18.249290
 109.50150  18.249302
 109.50153  18.249314
 109.50156  18.249326
 109.50159  18.249338
 109.50162  18.249350
 109.50164  18.249362
 109.50167  18.249374
 109.50170  18.249386
 109.50173  18.249398
 109.50176  18.249410
 109.50179  18.249422
 109.50182  18.249434
 109.50185  18.249446
 109.50188  18.249458
 109.50191  18.249470
 109.50194  18.249482
 109.50197  18.249494
