 109.49815  18.261425
 109.49818  18.261392
 109.49821  18.261358
 109.49824  18.261325
 109.49827  18.261291
 109.49830  18.261258
 109.49833  18.261225
 109.49836  18.261191
 109.49839  18.261158
 109.49843  18.261124
 109.49846  18.261091
 109.49849  18.261058
 109.49852  18.261024
 109.49855  18.260991
 109.49858  18.260957
 109.49861  18.260924
 109.49864  18.260891
 109.49867  18.260857
 109.49870  18.260824
 109.49874  18.260790
 109.49877  18.260757
 109.49880  18.260724
 109.49883  18.260690
 109.49886  18.260657
 109.49889  18.260623
 109.49892  18.260590
 109.49895  18.260557
 109.49898  18.260523
 109.49901  18.260490
 109.49905  18.260456
 109.49908  18.260423
 109.49911  18.260390
 109.49914  18.260356
 109.49917  18.260323
 109.49920  18.260289
 109.49923  18.260256
 109.49926  18.260223
 109.49929  18.260189
 109.49932  18.260156
 109.49935  18.260122
 109.49939  18.260089
 109.49942  18.260056
 109.49945  18.260022
 109.49948  18.259989
 109.49951  18.259955
 109.49954  18.259922
 109.49957  18.259889
 109.49960  18.259855
 109.49963  18.259822
 109.49966  18.259788
 109.49970  18.259755
 109.49973  18.259722
 109.49976  18.259688
 109.49979  18.259655
 109.49982  18.259621
 109.49985  18.259588
 109.49988  18.259555
 109.49991  18.259521
 109.49994  18.259488
 109.49998  18.259454
 109.50001  18.259421
 109.50004  18.259388
 109.50007  18.259354
 109.50010  18.259321
 109.50013  18.259287
 109.50016  18.259254
 109.50019  18.259221
 109.50022  18.259187
 109.50025  18.259154
 109.50029  18.259120
 109.50032  18.259087
 109.50035  18.259054
 109.50038  18.259020
 109.50041  18.258987
 109.50044  18.258953
 109.50047  18.258920
 109.50050  18.258887
 109.50053  18.258853
 109.50056  18.258820
 109.50059  18.258786
 109.50063  18.258753
 109.50066  18.258720
 109.50069  18.258686
 109.50072  18.258653
 109.50075  18.258619
 109.50078  18.258586
 109.50081  18.258553
 109.50084  18.258519
 109.50087  18.258486
 109.50090  18.258452
 109.50094  18.258419
 109.50097  18.258386
 109.50100  18.258352
 109.50103  18.258319
 109.50106  18.258285
 109.50109  18.258252
 109.50112  18.258219
 109.50115  18.258185
 109.50118  18.258152
 109.50121  18.258118
 109.50125  18.258085
 109.50128  18.258052
 109.50131  18.258018
 109.50134  18.257985
 109.50137  18.257951
 109.50140  18.257918
 109.50143  18.257885
 109.50146  18.257851
 109.50149  18.257818
 109.50152  18.257784
 109.50156  18.257751
 109.50159  18.257718
 109.50162  18.257684
 109.50165  18.257651
 109.50168  18.257617
 109.50171  18.257584
 109.50174  18.257551
 109.50177  18.257517
 109.50180  18.257484
 109.50183  18.257450
