 109.50496  18.245955
 109.50496  18.245902
 109.50496  18.245849
 109.50496  18.245796
 109.50496  18.245743
 109.50496  18.245690
 109.50496  18.245637
 109.50496  18.245584
 109.50496  18.245531
 109.50496  18.245478
 109.50496  18.245425
 109.50496  18.245372
 109.50496  18.245319
 109.50496  18.245266
 109.50496  18.245213
 109.50496  18.245160
 109.50496  18.245107
 109.50496  18.245054
 109.50496  18.245001
 109.50496  18.244948
 109.50496  18.244895
 109.50496  18.244842
 109.50496  18.244789
 109.50496  18.244736
 109.50496  18.244683
 109.50496  18.244630
 109.50496  18.244577
 109.50496  18.244524
 109.50496  18.244471
 109.50496  18.244418
 109.50496  18.244365
 109.50496  18.244312
 109.50496  18.244259
 109.50496  18.244206
 109.50496  18.244153
 109.50496  18.244100
 109.50496  18.244047
 109.50496  18.243994
 109.50496  18.243941
 109.50496  18.243888
 109.50496  18.243835
 109.50496  18.243782
 109.50496  18.243729
 109.50496  18.243676
 109.50496  18.243623
 109.50496  18.243570
 109.50496  18.243517
 109.50496  18.243464
 109.50496  18.243411
 109.50496  18.243358
 109.50496  18.243305
 109.50496  18.243252
 109.50496  18.243199
 109.50496  18.243146
 109.50496  18.243093
 109.50496  18.243040
 109.50496  18.242987
 109.50496  18.242934
 109.50496  18.242881
 109.50496  18.242828
 109.50496  18.242775
 109.50496  18.242722
 109.50496  18.242669
 109.50496  18.242616
 109.50496  18.242563
 109.50496  18.242510
 109.50496  18.242457
 109.50496  18.242404
 109.50496  18.242351
 109.50496  18.242298
 109.50496  18.242245
 109.50496  18.242192
 109.50496  18.242139
 109.50496  18.242086
 109.50496  18.242033
 109.50496  18.241980
 109.50496  18.241927
 109.50496  18.241874
 109.50496  18.241821
 109.50496  18.241768
 109.50496  18.241715
 109.50496  18.241662
 109.50496  18.241609
 109.50496  18.241556
 109.50496  18.241503
 109.50496  18.241450
 109.50496  18.241397
 109.50496  18.241344
 109.50496  18.241291
 109.50496  18.241238
 109.50496  18.241185
 109.50496  18.241132
 109.50496  18.241079
 109.50496  18.241026
 109.50496  18.240973
 109.50496  18.240920
 109.50496  18.240867
 109.50496  18.240814
 109.50496  18.240761
 109.50496  18.240708
 109.50496  18.240655
 109.50496  18.240602
 109.50496  18.240549
 109.50496  18.240496
 109.50496  18.240443
 109.50496  18.240390
 109.50496  18.240337
 109.50496  18.240284
 109.50496  18.240231
 109.50496  18.240178
 109.50496  18.240125
 109.50496  18.240072
 109.50496  18.240019
 109.50496  18.239966
 109.50496  18.239913
 109.50496  18.239860
 109.50496  18.239807
 109.50496  18.239754
 109.50496  18.239701
 109.50496  18.239648
