 109.49739  18.260996
 109.49737  18.260980
 109.49734  18.260964
 109.49732  18.260948
 109.49729  18.260932
 109.49727  18.260916
 109.49724  18.260900
 109.49722  18.260884
 109.49719  18.260868
 109.49717  18.260852
 109.49714  18.260836
 109.49711  18.260820
 109.49709  18.260804
 109.49707  18.260788
 109.49704  18.260772
 109.49702  18.260756
 109.49699  18.260740
 109.49697  18.260724
 109.49694  18.260708
 109.49692  18.260692
 109.49689  18.260676
 109.49687  18.260660
 109.49684  18.260644
 109.49682  18.260628
 109.49679  18.260612
 109.49677  18.260596
 109.49674  18.260580
 109.49671  18.260564
 109.49669  18.260548
 109.49666  18.260532
 109.49664  18.260516
 109.49662  18.260500
 109.49659  18.260484
 109.49657  18.260468
 109.49654  18.260452
 109.49652  18.260436
 109.49649  18.260420
 109.49647  18.260404
 109.49644  18.260388
 109.49642  18.260372
 109.49639  18.260356
 109.49637  18.260340
 109.49634  18.260324
 109.49632  18.260308
 109.49629  18.260292
 109.49626  18.260276
 109.49624  18.260260
 109.49622  18.260244
 109.49619  18.260228
 109.49617  18.260212
 109.49614  18.260196
 109.49612  18.260180
 109.49609  18.260164
 109.49607  18.260148
 109.49604  18.260132
 109.49602  18.260116
 109.49599  18.260100
 109.49597  18.260084
 109.49594  18.260068
 109.49592  18.260052
 109.49589  18.260036
 109.49586  18.260020
 109.49584  18.260004
 109.49581  18.259988
 109.49579  18.259972
 109.49577  18.259956
 109.49574  18.259940
 109.49572  18.259924
 109.49569  18.259908
 109.49567  18.259892
 109.49564  18.259876
 109.49562  18.259860
 109.49559  18.259844
 109.49557  18.259828
 109.49554  18.259812
 109.49552  18.259796
 109.49549  18.259780
 109.49547  18.259764
 109.49544  18.259748
 109.49541  18.259732
 109.49539  18.259716
 109.49537  18.259700
 109.49534  18.259684
 109.49532  18.259668
 109.49529  18.259652
 109.49527  18.259636
 109.49524  18.259620
 109.49522  18.259604
 109.49519  18.259588
 109.49517  18.259572
 109.49514  18.259556
 109.49512  18.259540
 109.49509  18.259524
 109.49507  18.259508
 109.49504  18.259492
 109.49502  18.259476
 109.49499  18.259460
 109.49497  18.259444
 109.49494  18.259428
 109.49492  18.259412
 109.49489  18.259396
 109.49487  18.259380
 109.49484  18.259364
 109.49482  18.259348
 109.49479  18.259332
 109.49477  18.259316
 109.49474  18.259300
 109.49472  18.259284
 109.49469  18.259268
 109.49467  18.259252
 109.49464  18.259236
 109.49462  18.259220
 109.49459  18.259204
 109.49457  18.259188
 109.49454  18.259172
 109.49452  18.259156
 109.49449  18.259140
 109.49447  18.259124
 109.49444  18.259108
 109.49442  18.259092
