 109.49641  18.251318
 109.49651  18.251098
 109.49661  18.250878
 109.49671  18.250658
 109.49681  18.250438
 109.49691  18.250218
 109.49701  18.249998
 109.49711  18.249778
 109.49721  18.249558
 109.49731  18.249338
 109.49741  18.249118
 109.49751  18.248898
 109.49761  18.248678
 109.49771  18.248458
 109.49781  18.248238
 109.49791  18.248018
 109.49801  18.247798
 109.49811  18.247578
 109.49821  18.247358
 109.49831  18.247138
 109.49841  18.246918
 109.49851  18.246698
 109.49861  18.246478
 109.49871  18.246258
 109.49881  18.246038
 109.49891  18.245818
 109.49901  18.245598
 109.49911  18.245378
 109.49921  18.245158
 109.49931  18.244938
 109.49941  18.244718
 109.49951  18.244498
 109.49961  18.244278
 109.49971  18.244058
 109.49981  18.243838
 109.49991  18.243618
 109.50001  18.243398
 109.50011  18.243178
 109.50021  18.242958
 109.50031  18.242738
 109.50041  18.242518
 109.50051  18.242298
 109.50061  18.242078
 109.50071  18.241858
 109.50081  18.241638
 109.50091  18.241418
 109.50101  18.241198
 109.50111  18.240978
 109.50121  18.240758
 109.50131  18.240538
 109.50141  18.240318
 109.50151  18.240098
 109.50161  18.239878
 109.50171  18.239658
 109.50181  18.239438
 109.50191  18.239218
 109.50201  18.238998
 109.50211  18.238778
 109.50221  18.238558
 109.50231  18.238338
 109.50241  18.238118
 109.50251  18.237898
 109.50261  18.237678
 109.50271  18.237458
 109.50281  18.237238
 109.50291  18.237018
 109.50301  18.236798
 109.50311  18.236578
 109.50321  18.236358
 109.50331  18.236138
 109.50341  18.235918
 109.50351  18.235698
 109.50361  18.235478
 109.50371  18.235258
 109.50381  18.235038
 109.50391  18.234818
 109.50401  18.234598
 109.50411  18.234378
 109.50421  18.234158
 109.50431  18.233938
 109.50441  18.233718
 109.50451  18.233498
 109.50461  18.233278
 109.50471  18.233058
 109.50481  18.232838
 109.50491  18.232618
 109.50501  18.232398
 109.50511  18.232178
 109.50521  18.231958
 109.50531  18.231738
 109.50541  18.231518
 109.50551  18.231298
 109.50561  18.231078
 109.50571  18.230858
 109.50581  18.230638
 109.50591  18.230418
 109.50601  18.230198
 109.50611  18.229978
 109.50621  18.229758
 109.50631  18.229538
 109.50641  18.229318
 109.50651  18.229098
 109.50661  18.228878
 109.50671  18.228658
 109.50681  18.228438
 109.50691  18.228218
 109.50701  18.227998
 109.50711  18.227778
 109.50721  18.227558
 109.50731  18.227338
 109.50741  18.227118
 109.50751  18.226898
 109.50761  18.226678
 109.50771  18.226458
 109.50781  18.226238
 109.50791  18.226018
 109.50801  18.225798
 109.50811  18.225578
 109.50821  18.225358
 109.50831  18.225138
