 109.49852  18.251396
 109.49852  18.251402
 109.49852  18.251408
 109.49852  18.251414
 109.49852  18.251420
 109.49852  18.251426
 109.49852  18.251432
 109.49852  18.251438
 109.49852  18.251444
 109.49852  18.251450
 109.49852  18.251456
 109.49852  18.251462
 109.49852  18.251468
 109.49852  18.251474
 109.49852  18.251480
 109.49852  18.251486
 109.49852  18.251492
 109.49852  18.251498
 109.49852  18.251504
 109.49852  18.251510
 109.49852  18.251516
 109.49852  18.251522
 109.49852  18.251528
 109.49852  18.251534
 109.49852  18.251540
 109.49852  18.251546
 109.49852  18.251552
 109.49852  18.251558
 109.49852  18.251564
 109.49852  18.251570
 109.49852  18.251576
 109.49852  18.251582
 109.49852  18.251588
 109.49852  18.251594
 109.49852  18.251600
 109.49852  18.251606
 109.49852  18.251612
 109.49852  18.251618
 109.49852  18.251624
 109.49852  18.251630
 109.49852  18.251636
 109.49852  18.251642
 109.49852  18.251648
 109.49852  18.251654
 109.49852  18.251660
 109.49852  18.251666
 109.49852  18.251672
 109.49852  18.251678
 109.49852  18.251684
 109.49852  18.251690
 109.49852  18.251696
 109.49852  18.251702
 109.49852  18.251708
 109.49852  18.251714
 109.49852  18.251720
 109.49852  18.251726
 109.49852  18.251732
 109.49852  18.251738
 109.49852  18.251744
 109.49852  18.251750
 109.49852  18.251756
 109.49852  18.251762
 109.49852  18.251768
 109.49852  18.251774
 109.49852  18.251780
 109.49852  18.251786
 109.49852  18.251792
 109.49852  18.251798
 109.49852  18.251804
 109.49852  18.251810
 109.49852  18.251816
 109.49852  18.251822
 109.49852  18.251828
 109.49852  18.251834
 109.49852  18.251840
 109.49852  18.251846
 109.49852  18.251852
 109.49852  18.251858
 109.49852  18.251864
 109.49852  18.251870
 109.49852  18.251876
 109.49852  18.251882
 109.49852  18.251888
 109.49852  18.251894
 109.49852  18.251900
 109.49852  18.251906
 109.49852  18.251912
 109.49852  18.251918
 109.49852  18.251924
 109.49852  18.251930
 109.49852  18.251936
 109.49852  18.251942
 109.49852  18.251948
 109.49852  18.251954
 109.49852  18.251960
 109.49852  18.251966
 109.49852  18.251972
 109.49852  18.251978
 109.49852  18.251984
 109.49852  18.251990
 109.49852  18.251996
 109.49852  18.252002
 109.49852  18.252008
 109.49852  18.252014
 109.49852  18.252020
 109.49852  18.252026
 109.49852  18.252032
 109.49852  18.252038
 109.49852  18.252044
 109.49852  18.252050
 109.49852  18.252056
 109.49852  18.252062
 109.49852  18.252068
 109.49852  18.252074
 109.49852  18.252080
 109.49852  18.252086
 109.49852  18.252092
 109.49852  18.252098
 109.49852  18.252104
 109.49852  18.252110
