 109.50363  18.253452
 109.50366  18.253475
 109.50369  18.253498
 109.50372  18.253521
 109.50375  18.253544
 109.50378  18.253567
 109.50381  18.253590
 109.50384  18.253613
 109.50387  18.253636
 109.50390  18.253659
 109.50393  18.253682
 109.50396  18.253705
 109.50399  18.253728
 109.50402  18.253751
 109.50405  18.253774
 109.50408  18.253797
 109.50411  18.253820
 109.50414  18.253843
 109.50417  18.253866
 109.50420  18.253889
 109.50423  18.253912
 109.50426  18.253935
 109.50429  18.253958
 109.50432  18.253981
 109.50435  18.254004
 109.50438  18.254027
 109.50441  18.254050
 109.50444  18.254073
 109.50447  18.254096
 109.50450  18.254119
 109.50453  18.254142
 109.50456  18.254165
 109.50459  18.254188
 109.50462  18.254211
 109.50465  18.254234
 109.50468  18.254257
 109.50471  18.254280
 109.50474  18.254303
 109.50477  18.254326
 109.50480  18.254349
 109.50483  18.254372
 109.50486  18.254395
 109.50489  18.254418
 109.50492  18.254441
 109.50495  18.254464
 109.50498  18.254487
 109.50501  18.254510
 109.50504  18.254533
 109.50507  18.254556
 109.50510  18.254579
 109.50513  18.254602
 109.50516  18.254625
 109.50519  18.254648
 109.50522  18.254671
 109.50525  18.254694
 109.50528  18.254717
 109.50531  18.254740
 109.50534  18.254763
 109.50537  18.254786
 109.50540  18.254809
 109.50543  18.254832
 109.50546  18.254855
 109.50549  18.254878
 109.50552  18.254901
 109.50555  18.254924
 109.50558  18.254947
 109.50561  18.254970
 109.50564  18.254993
 109.50567  18.255016
 109.50570  18.255039
 109.50573  18.255062
 109.50576  18.255085
 109.50579  18.255108
 109.50582  18.255131
 109.50585  18.255154
 109.50588  18.255177
 109.50591  18.255200
 109.50594  18.255223
 109.50597  18.255246
 109.50600  18.255269
 109.50603  18.255292
 109.50606  18.255315
 109.50609  18.255338
 109.50612  18.255361
 109.50615  18.255384
 109.50618  18.255407
 109.50621  18.255430
 109.50624  18.255453
 109.50627  18.255476
 109.50630  18.255499
 109.50633  18.255522
 109.50636  18.255545
 109.50639  18.255568
 109.50642  18.255591
 109.50645  18.255614
 109.50648  18.255637
 109.50651  18.255660
 109.50654  18.255683
 109.50657  18.255706
 109.50660  18.255729
 109.50663  18.255752
 109.50666  18.255775
 109.50669  18.255798
 109.50672  18.255821
 109.50675  18.255844
 109.50678  18.255867
 109.50681  18.255890
 109.50684  18.255913
 109.50687  18.255936
 109.50690  18.255959
 109.50693  18.255982
 109.50696  18.256005
 109.50699  18.256028
 109.50702  18.256051
 109.50705  18.256074
 109.50708  18.256097
 109.50711  18.256120
 109.50714  18.256143
 109.50717  18.256166
 109.50720  18.256189
