 109.50515  18.245193
 109.50514  18.245260
 109.50514  18.245327
 109.50513  18.245394
 109.50512  18.245461
 109.50511  18.245528
 109.50511  18.245595
 109.50510  18.245662
 109.50509  18.245729
 109.50509  18.245796
 109.50508  18.245863
 109.50507  18.245930
 109.50506  18.245997
 109.50506  18.246064
 109.50505  18.246131
 109.50504  18.246198
 109.50503  18.246265
 109.50503  18.246332
 109.50502  18.246399
 109.50501  18.246466
 109.50501  18.246533
 109.50500  18.246600
 109.50499  18.246667
 109.50498  18.246734
 109.50498  18.246801
 109.50497  18.246868
 109.50496  18.246935
 109.50496  18.247002
 109.50495  18.247069
 109.50494  18.247136
 109.50493  18.247203
 109.50493  18.247270
 109.50492  18.247337
 109.50491  18.247404
 109.50491  18.247471
 109.50490  18.247538
 109.50489  18.247605
 109.50488  18.247672
 109.50488  18.247739
 109.50487  18.247806
 109.50486  18.247873
 109.50485  18.247940
 109.50485  18.248007
 109.50484  18.248074
 109.50483  18.248141
 109.50483  18.248208
 109.50482  18.248275
 109.50481  18.248342
 109.50480  18.248409
 109.50480  18.248476
 109.50479  18.248543
 109.50478  18.248610
 109.50478  18.248677
 109.50477  18.248744
 109.50476  18.248811
 109.50475  18.248878
 109.50475  18.248945
 109.50474  18.249012
 109.50473  18.249079
 109.50473  18.249146
 109.50472  18.249213
 109.50471  18.249280
 109.50470  18.249347
 109.50470  18.249414
 109.50469  18.249481
 109.50468  18.249548
 109.50467  18.249615
 109.50467  18.249682
 109.50466  18.249749
 109.50465  18.249816
 109.50465  18.249883
 109.50464  18.249950
 109.50463  18.250017
 109.50462  18.250084
 109.50462  18.250151
 109.50461  18.250218
 109.50460  18.250285
 109.50460  18.250352
 109.50459  18.250419
 109.50458  18.250486
 109.50457  18.250553
 109.50457  18.250620
 109.50456  18.250687
 109.50455  18.250754
 109.50455  18.250821
 109.50454  18.250888
 109.50453  18.250955
 109.50452  18.251022
 109.50452  18.251089
 109.50451  18.251156
 109.50450  18.251223
 109.50449  18.251290
 109.50449  18.251357
 109.50448  18.251424
 109.50447  18.251491
 109.50447  18.251558
 109.50446  18.251625
 109.50445  18.251692
 109.50444  18.251759
 109.50444  18.251826
 109.50443  18.251893
 109.50442  18.251960
 109.50442  18.252027
 109.50441  18.252094
 109.50440  18.252161
 109.50439  18.252228
 109.50439  18.252295
 109.50438  18.252362
 109.50437  18.252429
 109.50437  18.252496
 109.50436  18.252563
 109.50435  18.252630
 109.50434  18.252697
 109.50434  18.252764
 109.50433  18.252831
 109.50432  18.252898
 109.50431  18.252965
 109.50431  18.253032
 109.50430  18.253099
 109.50429  18.253166
