100100052421
100100053492
100100053511
100100053541
100100053543
100100053546
100100053572
100100053653
100100053667
100100053670
100100053691
100100053715
100100053723
100100053725
100100053767
100100053990
100100053994
100100054012
100100054019
100100054035
100100054078
100100054079
100100054086
100100054130
100100054135
100100054162
100100054723
100100054730
100100054743
100100054747
100100054748
100100054793
100100054797
100100054847
100100054883
100100054902
100100054912
100100054919
100100054920
100100054937
100100054955
100100054991
100100055025
100100055045
100100055063
100100055070
100100055072
100100055096
100100055113
100100055120
100100055126
100100055156
100100055163
100100055187
100100055192
100100055198
100100055227
100100055232
100100055242
100100055291
100100055302
100100055310
100100055326
100100055331
100100055333
100100055353
100100055365
100100055368
100100055411
100100055423
100100055440
100100055447
100100055450
100100055465
100100055498
100100055499
100100055507
100100055542
100100055583
100100055606
100100055627
100100055652
100100055678
100100055699
100100055731
100100055748
100100055770
100100055789
100100055823
100100055850
100100055856
100100055858
100100055859
100100055873
100100055895
100100055919
100100055961
100100185014
100100496159
100100515351
100100547977
100100551843
100100551970
100100552246
100100552431
100100630501
100100643936
100100649564
100100649590
100100649606
100100649609
100100649622
100100649631
100100651612
100100655451
100100665047
100100680400
100100689996
100100701412
100100704036
100100714073
100100718784
100100734307
100100739233
100100739310
100100739410
100100739453
100100739460
100100739478
100100739487
100100739506
100100739525
100100739571
100100739580
100100739595
100100739618
100100739670
100100739683
100100739698
100100739705
100100747571
100100784605
100100832015
100100856964
100100858883
100100864641
100100866560
100100891509
100100904963
100100914039
100100914075
100100914613
100100914713
100100925345
100100925358
100100925423
100100925433
100100925459
100100925473
100100925497
100100925499
100100925523
100100925546
100100925548
100100925585
100100925639
100100925647
100100925659
100100925707
100100925719
100100925726
100100927974
100100946582
100100954078
100100969507
100100974702
100100974712
100100974753
100100975073
100100975372
100100990514
100100991507
100100991531
100100991847
100100992416
100100993846
100100994024
100100994197
100100994259
100100994271
100100994394
100100994421
100101046963
100101066154
100101131406
100101139083
100101141002
100101181305
100101225446
100101240799
100101258072
100101271506
100101369384
100101434636
100101473020
100101559383
100101607362
100101649584
100101757058
100101758977
100101818471
100101831906
100101845340
100101931703
100101948975
100102002712
100102073722
100102079479
100102146650
100102177357
100102190791
100102227256
100102229175
100102236852
100102257963
100102311700
100102384628
100102444123
100102453719
100102463314
100102497860
100102540081
100102559273
100102568869
100102624525
100102626444
100102637959
100102649475
100102710888
100102756948
100102764625
100102822200
100102826039
100102843311
100102875937
100102941189
100102977654
100102979573
100103040986
100103094723
100103096643
100103148460
100103169571
100103173410
100103217551
100103294318
100103300075
100103307752
100103328863
